2.68495	0.43773
3.10463	0.665726
3.01638	0.73027
3.17586	0.595545
2.99906	0.59941
2.91353	0.694179
2.78829	0.755835
3.01652	0.593694
2.91389	0.585867
2.88163	0.727951
2.79315	0.504003
3.03312	0.572863
2.88682	0.620945
2.79817	0.691471
2.96947	0.665067
3.94054	1.89705
4.69631	1.99869
4.91584	1.95711
5.27123	2.19757
5.41452	2.1247
5.57792	1.97898
5.55222	2.00419
5.58739	1.90469
5.37765	2.11722
5.18461	2.0187
5.20025	1.95018
5.27266	1.97259
5.30118	1.91209
5.31855	1.93144
5.35017	1.96995
5.3267	2.03607
5.38987	2.00067
5.42377	2.01699
5.45393	1.92459
5.39682	1.98199
5.43775	1.90781
6.21062	1.53304
6.77631	1.62235
6.87906	1.43266
6.98626	1.27831
6.97736	1.24378
6.84711	1.43684
6.83818	1.41042
6.92945	1.14636
6.76127	1.26655
6.65822	1.20841
6.39475	1.15208
5.50447	0.867128
5.96961	0.55103
6.32401	0.762422
6.63655	0.566533
6.94658	0.0759032
6.99875	-0.0617203
6.92424	-0.0310176
6.80116	0.127177
6.73018	0.21597
6.5818	0.4259
6.05749	0.850755
4.68907	1.25958
4.47778	1.36139
4.74054	1.49048
4.84206	1.63509
5.0225	1.62301
4.98262	1.74502
5.05422	1.80887
5.14386	1.80329
5.12004	1.8519
5.57047	1.58147
6.11249	1.60575
6.32203	1.60498
6.4006	1.48283
6.41279	1.39642
6.38015	1.38826
6.35378	1.21686
6.2302	1.07201
5.86679	0.907644
5.36345	0.710935
5.07416	0.394792
4.71123	0.349232
4.92228	0.441057
5.05425	0.534583
5.37229	0.537909
5.38963	0.844848
5.56876	0.973444
5.8442	0.941907
6.08296	0.975768
6.18717	1.09571
6.11477	1.25466
5.74919	1.47181
4.98095	1.85047
4.60998	1.84636
4.40137	1.98936
4.3025	1.99556
4.09819	1.892
4.66584	1.09922
4.57306	0.979402
4.31829	0.712091
4.7893	-0.336303
4.82694	0.0870797
4.80584	-0.161523
4.68644	-0.272563
3.64041	0.480245
3.25615	0.475078
3.20967	0.73906
3.42328	0.956266
4.50569	1.97733
4.80831	2.18516
5.05642	1.9206
6.45791	0.498782
6.50321	0.919357
5.8473	1.56703
5.4314	1.87706
5.04698	1.86213
4.52847	1.95441
4.1088	1.74082
3.78944	1.40662
3.79374	1.2119
3.83386	0.643519
3.75413	0.137528
3.84766	-0.191418
3.90772	-0.416713
4.21347	-0.876641
4.45765	-0.948323
4.74859	-1.40851
4.82063	-1.02841
4.6625	-0.734417
4.32133	-0.662207
4.28009	-0.115441
3.95085	-0.00331023
3.43595	0.441476
3.08397	0.613854
3.07722	0.380044
3.01558	0.608973
2.90778	0.609651
3.02472	0.728835
3.2454	0.672883
3.52879	0.632608
3.68401	1.13088
4.67662	1.28521
6.13552	1.25598
4.46172	1.28375
3.5083	1.43823
5.54937	0.149515
6.22019	0.718338
6.5571	1.18491
6.6019	1.16482
6.59667	1.20995
6.55224	1.25977
6.46746	1.36292
6.44103	1.33418
6.49025	1.16412
6.46074	1.20961
6.26769	1.50809
6.23572	1.58312
6.13309	1.79432
5.93252	1.94421
5.76075	2.05727
5.96935	1.9698
5.83816	2.10534
5.60264	2.20517
4.64755	1.86808
3.57943	1.82405
3.62042	1.59956
3.48524	1.672
3.56196	1.63438
3.45592	1.61561
3.31553	1.44244
3.65275	0.915459
4.44874	0.259628
3.55081	0.957316
3.59707	1.12771
3.50062	1.27226
3.55302	1.04983
3.70035	1.12287
3.86633	1.59721
4.15878	1.82885
4.60483	1.79935
5.09855	1.81193
4.92825	1.97802
4.72345	1.54815
4.71839	1.98718
5.81495	2.20375
4.81309	1.72598
4.59905	1.43108
3.85705	1.58365
4.11991	2.19514
3.83623	1.93986
3.78213	1.93367
3.64157	1.75909
3.59627	1.57285
3.40745	1.56277
3.45919	1.32912
3.34492	1.34333
3.1423	1.2326
3.20203	1.05229
3.05424	0.810853
2.88818	0.618834
3.06475	0.465855
2.97172	0.535957
3.09034	0.741983
2.93625	0.636461
2.71968	0.505564
2.94736	0.576978
2.98407	0.614479
2.95386	0.482043
2.65257	0.675559
2.99623	-0.178287
3.15667	0.0252218
2.67434	0.655508
2.65419	0.525209
2.58342	0.711278
2.68799	0.654663
2.75288	0.761903
2.68057	0.680607
2.63119	0.40745
2.69349	0.267269
3.03554	0.550896
5.84195	0.236562
5.72076	0.439136
6.14355	1.38446
6.32366	1.26606
5.39578	1.16018
5.37027	0.786367
5.91114	1.19566
6.24858	1.45345
6.52542	1.38834
6.58845	1.42727
6.68576	1.34706
6.65021	1.44628
6.69475	1.31526
6.64682	1.27976
6.44691	1.31865
6.34129	1.24873
6.11824	1.16044
5.8237	1.14869
5.62685	1.16853
5.447	1.19651
5.34636	1.16122
5.33445	1.12006
5.56489	0.863563
5.9261	0.499711
6.23657	0.425739
6.55832	0.354404
6.82525	0.395773
7.07454	0.489489
7.11485	0.694681
6.89207	0.955198
6.58934	1.17142
6.26987	1.32178
6.0413	1.42734
5.92845	1.42849
5.89686	1.5527
5.64787	2.06755
4.92632	2.24104
4.36631	1.62445
5.55623	1.3415
5.95616	1.8041
5.72895	2.09416
5.31658	1.561
6.08218	1.72712
6.53854	1.80288
6.80679	1.5127
6.9522	1.35076
7.14416	1.20304
7.32131	1.00776
7.33965	1.01633
7.39722	0.92166
7.41802	0.924598
7.3767	1.01997
7.35998	1.06051
7.29245	1.16202
7.13677	1.33502
6.94875	1.50921
6.7262	1.43168
6.48916	1.41287
6.40543	1.39216
6.37444	1.33796
5.96596	1.56035
5.36954	1.63666
5.38147	1.59777
5.33152	1.63206
5.28117	1.73976
5.41545	1.59528
5.487	1.67306
5.99136	1.67499
6.46506	1.22457
6.43372	1.2074
6.26773	1.356
5.87797	1.57328
5.30848	1.55814
4.93705	1.86104
4.87958	1.90233
4.78852	1.90564
4.5832	1.84416
4.2998	1.92795
4.45447	1.82653
4.04312	1.8935
3.56564	1.43198
2.94609	1.07557
2.98635	1.02879
2.95899	0.94557
5.10526	0.57502
6.36075	0.469967
4.86242	0.487708
5.84907	1.63628
6.54715	1.40802
5.87067	1.83167
6.09195	2.20077
4.60604	2.32904
3.82804	1.79193
3.48324	1.60049
3.29636	1.69127
3.81271	1.11803
5.27796	0.69562
4.84622	1.01248
4.49878	1.31288
5.57415	1.75207
6.22603	1.21412
6.24831	1.17402
6.04909	1.23292
5.56169	1.44221
4.63079	1.49576
3.41862	1.49003
3.0826	1.29134
3.15695	1.19383
4.98098	0.590984
5.00642	0.550199
3.9603	0.787626
3.64417	1.15311
5.36713	1.72655
5.79004	1.6416
5.75582	1.74583
5.31372	1.43833
4.77187	1.25885
4.81489	0.309078
4.88725	-0.421085
4.79415	-0.638797
4.76153	-0.883953
4.81948	-1.27504
4.84847	-1.24076
4.6816	-1.13924
4.62248	-0.946844
4.64656	-0.70719
4.45563	-0.301867
4.68438	1.14198
5.42418	1.01086
5.82394	1.00001
5.62479	1.24121
5.64395	1.07918
4.65774	1.25091
4.37664	0.4739
4.53216	-0.157665
4.39391	-0.376301
4.08619	-0.0797188
3.50793	0.13561
3.48046	0.325445
3.26649	0.237975
3.09515	0.189053
3.15373	0.239206
3.40078	0.92449
3.34815	0.612953
3.80683	0.800226
5.07353	1.91323
5.56346	2.24626
4.89119	2.43392
5.05166	2.29848
4.96566	1.77427
4.6868	1.85753
4.6306	1.90029
4.71096	1.64581
4.78567	1.3439
4.80443	1.07081
4.92349	0.888422
5.06367	0.829452
4.79005	1.45813
4.20844	1.86699
3.9651	2.11886
3.93647	1.93972
3.92271	1.80652
3.85429	1.79028
3.66028	1.74355
3.25663	1.64653
3.14861	1.46473
3.09179	1.35348
2.95744	1.15174
5.1076	0.943197
4.67483	0.931186
4.22546	0.748499
3.65114	1.14053
3.9834	1.91631
5.00917	2.0545
5.22061	1.9562
5.22648	2.08563
4.67837	2.15155
4.04062	1.90118
4.7253	1.47347
5.12533	1.48066
4.69537	1.36289
3.74689	1.08405
2.93274	1.18945
2.98532	1.00303
2.91315	0.969145
2.94237	1.04883
3.8799	0.896532
4.72541	1.21144
3.87169	1.11193
5.17453	1.65047
5.79996	1.94258
5.96538	2.00253
6.18092	1.76997
6.26037	1.77754
6.38132	1.62544
6.33471	1.66466
6.24428	1.71591
5.95844	1.85969
5.48063	1.97134
4.5691	1.81439
4.3991	1.90579
4.24543	1.81271
3.97004	1.91595
3.73557	1.85816
3.62406	2.04713
3.73902	1.87487
3.41985	1.72681
3.44298	1.53799
3.15093	1.49407
3.11832	1.22705
2.89115	1.11754
2.88591	1.17782
2.87785	1.23424
2.43287	0.405428
2.90763	0.451366
2.91807	0.619252
2.91004	0.541895
2.86127	0.370637
2.90615	0.565532
2.8784	0.442623
2.90357	0.682169
3.11146	0.76986
2.97985	0.749081
3.17475	0.496848
5.56547	0.474469
6.73915	0.811283
6.7035	1.02733
6.30982	1.04122
5.94709	1.14297
5.61421	1.01674
5.33779	0.591974
5.35571	0.295418
5.39952	0.149591
5.1842	-0.219574
5.38616	-0.349726
5.33834	-0.415495
5.37806	-0.3601
5.41021	-0.316928
5.53116	-0.198057
5.74381	0.019811
5.52213	0.00450344
5.4944	0.0898564
5.56484	0.0800374
5.37396	0.321788
5.25056	1.29076
6.1837	2.01303
6.56275	1.88124
6.62984	1.88231
6.49271	1.89377
6.08209	1.95485
5.45502	1.95662
5.36565	0.78917
5.18679	0.0469584
5.11978	-0.228835
4.79461	-0.459477
4.83967	-0.628218
4.79763	-0.55373
4.63591	-0.0577196
5.31589	0.922777
6.007	1.16646
6.24125	1.2803
6.20486	1.04014
5.51039	1.33977
5.72639	1.60537
5.86441	1.63484
5.65294	1.78932
5.53363	1.73026
5.37692	1.74005
5.21422	1.81689
5.15313	1.85189
6.08558	1.79028
6.56924	1.91728
6.6611	1.87496
6.54443	1.79553
6.21803	1.88539
5.77051	1.8665
4.96281	1.86747
3.89276	1.89283
3.48287	1.42141
3.40537	1.18396
3.59078	1.37453
3.92074	1.52142
3.57488	1.79683
4.74552	2.20737
5.17095	2.30567
5.27565	2.21724
5.30561	2.0784
5.23212	2.02082
5.01173	2.01286
4.62289	2.16493
4.3298	1.86642
4.29377	1.62336
4.63693	0.713258
4.98534	0.38649
4.9674	0.147028
5.06283	-0.0247099
4.75542	-0.139223
4.90759	-0.0836372
5.33211	-0.14786
5.14947	0.346439
4.78774	0.447544
5.4736	0.856192
6.04185	0.946953
6.19655	1.03236
6.27639	1.04884
6.22389	1.05013
5.95061	1.26492
5.50259	1.53853
5.02135	1.69339
4.58286	1.80161
4.37787	1.96597
4.47757	1.93244
4.32718	2.1726
4.61042	2.00521
4.79186	1.89401
5.03056	1.84585
5.18994	1.87462
5.44977	1.82642
5.64235	1.6766
4.67411	1.51145
3.97196	0.947264
4.95649	0.318075
4.4351	0.738578
4.28383	1.84566
6.10663	1.73751
6.42876	1.74642
6.71248	1.53542
6.64593	1.72297
6.76204	1.52964
6.75561	1.41469
6.70219	1.25186
6.52009	1.12387
6.34975	0.811795
6.11225	0.449538
5.94904	0.180171
5.71431	0.0586942
5.36857	0.177778
4.98156	0.564928
4.6369	0.926444
4.59197	1.03462
4.45212	1.05078
4.47512	1.18841
4.38473	1.30685
4.4582	1.30057
4.40359	1.29041
4.40065	1.27919
4.38709	1.12335
4.45048	0.610172
4.65197	0.0328251
4.84939	-0.486097
4.83529	-0.775603
4.90799	-0.741679
4.99696	-0.889098
5.16459	-0.90982
5.14155	-1.04449
4.85317	-0.965701
4.72126	-0.780014
4.52154	-0.334131
4.05239	0.261389
3.88867	0.95524
4.4715	1.69916
5.65416	1.90467
5.82511	1.85027
6.15831	1.61266
5.90684	1.64986
6.25517	1.78424
5.4491	2.00255
6.1035	2.07674
5.09097	2.19598
5.50985	2.25025
5.07389	2.47325
4.77403	2.24014
4.47215	2.20979
4.04672	2.04243
3.72294	2.01064
3.47891	1.52324
3.2521	1.20108
3.23006	1.20143
3.09303	1.17379
3.14822	1.21117
3.0819	0.966524
2.87178	0.783813
2.81547	0.781844
2.9672	0.700994
2.94865	0.624944
2.96338	0.488916
2.83736	0.734995
2.83364	0.524444
3.07728	0.705429
2.86617	0.77513
2.91582	0.611857
3.03985	0.429022
2.91354	0.67498
2.96626	0.623
2.99968	0.587204
2.86956	0.695889
2.93851	1.05716
3.12631	1.23503
3.44221	1.71135
3.58704	1.57054
3.63737	1.57081
3.71736	1.68986
3.52163	1.70968
3.71449	1.32658
4.93394	0.918925
4.73557	0.994026
4.7836	0.814228
4.92277	0.922685
4.96351	0.954867
4.89533	0.785208
4.70455	0.766139
4.71882	0.523057
4.85657	0.396071
4.74264	0.0462692
4.88713	-0.0931149
4.90775	-0.252111
4.92877	-0.566035
5.02147	-0.390624
4.8935	-0.564553
4.9226	-0.5145
4.91029	-0.472929
4.81544	-0.158404
4.62518	0.561551
5.62017	1.25936
6.12335	1.58896
6.3196	1.56647
6.37648	1.69134
6.48826	1.60741
6.53741	1.49783
6.40751	1.54904
6.30841	1.50363
5.96998	1.61259
5.342	1.94603
5.13955	1.98943
5.01397	2.02709
4.97694	2.09491
4.99086	2.06868
4.97259	1.9366
4.77181	2.05421
4.82951	1.9725
4.58324	2.05514
4.63215	1.96308
4.8869	1.19783
5.26604	0.26855
4.21601	0.745185
5.39167	0.0537498
4.72401	-0.126665
5.10337	0.264115
5.50616	0.531464
4.66985	0.513156
4.65075	0.204574
4.90606	-0.0551159
5.84771	0.303905
6.15679	1.12022
7.08473	1.30042
7.11878	1.44713
7.1294	1.56764
7.08201	1.6852
6.91301	1.89444
6.6872	2.02699
6.29032	2.16596
5.77835	1.92718
5.20084	1.15527
5.30701	0.310066
5.51324	-0.121321
5.59457	-0.358634
5.47	-0.113388
5.2725	-0.384044
5.1362	-0.372702
5.16286	-0.134817
5.55637	1.20697
6.78775	0.588267
6.94502	0.163591
6.82323	0.0611681
6.21054	0.188905
4.93738	0.590054
3.96912	1.27412
3.61565	1.2755
3.37853	0.961698
3.61117	0.548435
4.51509	0.434102
5.2317	0.626898
4.51563	0.767659
6.35101	1.41666
6.66084	1.71133
6.50555	1.94003
6.37485	2.01274
6.09904	1.96298
5.28613	2.26475
5.15073	2.03745
5.20797	1.8635
5.19023	1.93092
4.94205	2.04162
5.02512	1.92619
4.98538	1.87529
4.93506	1.85599
5.03978	1.89815
5.11802	1.92137
4.90106	2.08979
5.08361	1.82286
4.98908	1.9027
4.97081	1.82299
4.85434	1.90578
4.52281	1.98695
4.23759	1.71375
4.09488	1.74523
3.94254	1.64272
3.7356	1.585
3.68291	1.6619
3.47118	1.62215
3.25041	1.50961
3.18618	1.52678
3.22959	1.09383
3.31496	1.28384
3.33272	0.930438
5.32288	-0.379198
4.73631	-0.322359
5.40595	0.0526461
5.15398	0.0201535
4.62333	0.311265
4.72223	0.762186
6.28839	0.536176
6.32457	0.897906
6.08787	1.50774
6.18869	1.35318
6.20188	1.22297
5.94606	1.03398
4.77508	0.915775
3.58037	1.10024
3.40708	0.996478
3.19956	0.8946
3.18398	0.780928
3.22107	0.910968
3.14163	0.811973
3.13774	0.947933
3.05235	0.865957
4.60124	0.37119
4.61003	0.614358
4.89107	0.792781
5.49854	1.53239
6.1884	1.65141
6.39138	1.7945
6.45879	1.8517
6.19743	2.09362
5.67933	2.15826
5.24373	1.81423
4.78466	1.12089
4.94582	0.208823
4.54254	-0.134652
4.3892	-0.049645
4.26194	-0.0750485
4.24674	0.0274839
4.19464	0.124602
4.00835	0.429219
4.06994	0.0541971
4.06215	-0.0957357
4.08271	-0.293066
4.54951	-0.520062
4.89439	-0.491867
5.00119	-0.390978
4.60999	0.248598
4.92947	1.62971
4.42952	1.59866
4.54818	0.966655
4.47793	1.26511
5.0295	2.08664
5.12392	2.37746
4.88783	2.36867
4.80589	2.22147
4.819	1.99244
4.5653	2.04732
4.36872	2.08132
4.35928	2.11924
4.37619	2.14859
4.70705	2.10535
5.17115	2.03801
5.49452	2.1163
5.78533	2.03613
6.00627	1.89102
6.01215	1.96157
5.90838	2.0049
5.31961	2.02866
5.56499	2.06676
5.35953	2.03156
5.30985	2.06127
5.2446	2.09366
5.19942	2.14501
5.133	2.10943
5.04714	2.0604
4.84079	1.99726
4.13015	1.86211
3.33932	1.45658
3.00694	1.12436
3.0806	0.886294
3.17533	0.978946
3.1179	1.00305
3.19282	0.937002
2.96342	0.980967
3.33538	0.454081
4.39057	0.302811
3.41082	0.359608
3.54004	-0.0661518
4.07544	-0.421671
4.54019	-0.471991
4.5484	-0.112224
4.48507	-0.301271
4.63697	-0.253591
4.51324	-0.281988
4.50184	-0.616764
4.47942	-0.625386
4.46116	-0.280558
4.51746	-0.0906208
4.21359	-0.267042
4.0069	-0.193774
3.72035	-0.238706
3.52401	0.128715
3.16384	0.525895
2.98208	0.582448
3.10755	0.372121
2.97188	0.533629
2.92816	0.612453
2.86316	0.600908
2.97863	0.396176
2.87035	0.595215
2.9045	0.700701
2.83204	0.463815
2.87865	0.700674
2.87786	0.619576
3.04232	0.659791
3.14424	0.590874
3.23645	0.491397
3.12021	0.582908
2.94425	0.580148
3.03217	0.605821
3.00962	0.530789
3.21276	0.617969
3.10434	0.666732
3.08224	0.428042
3.23176	0.668429
3.38687	1.02017
3.66039	1.58002
3.82041	1.68191
3.92151	1.64123
5.07283	0.709742
6.0657	0.765592
6.00027	1.54611
6.31376	1.51622
6.40603	1.53278
6.38985	1.46265
6.35094	1.46915
6.13837	1.36783
5.84797	1.3859
5.6385	1.24274
5.53908	1.01217
5.3747	0.626486
5.53046	0.419127
5.46515	0.117874
5.47058	0.101801
5.31894	0.019451
5.2681	0.0600256
5.38189	0.0181928
5.15026	0.362078
5.16476	1.17935
5.56808	1.62357
5.76859	1.83601
6.02215	1.83493
6.30898	1.81538
6.46649	1.82785
6.51246	1.90991
6.37457	2.07585
6.3313	1.933
5.89193	2.24882
5.57153	2.09418
5.19631	2.07994
4.87397	1.97323
5.09108	1.75663
4.64687	2.03665
4.51131	1.9906
4.42681	1.90502
4.42352	1.49316
4.71688	0.544745
5.04769	0.000453708
5.22345	-0.165891
5.4227	0.172243
5.47388	0.80059
5.46476	1.17399
5.7033	1.37971
5.85207	1.394
5.82096	1.58446
5.79617	1.62646
5.79478	1.56467
5.5855	1.66617
5.36634	1.51079
5.07092	1.26312
5.04227	0.742927
5.20182	-5.00783e-05
5.3861	-0.236134
5.40928	-0.440354
5.12101	-0.630059
5.00322	-0.926363
5.136	-0.760534
5.00842	-0.477805
4.58185	-0.238811
4.64929	-0.190988
4.04671	0.0235689
3.47814	0.460316
3.62666	0.541015
3.71393	0.409897
4.62333	1.10649
6.83195	0.970692
6.26299	1.5822
5.63403	1.19001
6.06573	0.93688
6.5015	1.09029
6.59484	1.43477
6.76358	1.30358
6.79749	1.12356
6.70888	1.05433
6.50207	1.03791
6.21063	1.08468
5.83155	1.15012
5.46033	1.21552
5.35234	0.955708
5.05009	0.983845
4.99236	0.774139
5.1109	0.689189
5.08072	0.516048
5.00208	0.923616
4.97491	1.16013
4.90317	1.01021
4.78955	1.35498
4.66391	1.56898
4.7478	2.02941
5.23515	2.01184
5.70277	1.99239
5.82293	2.1076
5.84502	2.2014
5.84817	2.31808
5.75793	2.44573
5.7278	2.22202
5.09463	2.62517
4.59153	2.44987
4.34885	2.1535
4.12234	2.10932
4.03032	2.01421
3.88948	1.91628
3.84015	1.91522
3.96316	1.90397
4.18697	2.08429
4.84689	2.20107
5.67343	2.14629
5.98563	2.14207
6.13094	2.05691
6.07911	2.13857
6.20232	1.87551
6.13358	1.67829
5.54567	1.96288
4.50555	2.02769
4.36748	2.01477
4.2177	2.11802
4.50151	1.74497
4.53533	1.65415
4.53875	1.83213
4.96447	1.76252
5.35706	1.69958
5.53693	1.75722
5.76062	1.783
5.75897	1.8498
5.63112	1.58399
5.17561	1.96498
5.06298	1.84749
4.87601	2.08759
4.6307	2.17611
4.42235	2.06672
4.29087	1.88007
4.03646	1.69519
3.95433	1.58888
3.67829	1.46861
3.61258	1.29541
3.92128	0.498531
3.55744	0.679295
3.29855	0.912689
3.35547	0.843169
3.23977	0.745696
3.23315	0.794623
3.09781	0.840498
3.18411	0.477372
3.13181	0.527635
3.06563	0.509706
3.03639	0.628012
3.19286	0.757915
3.04734	0.827585
3.0385	0.576781
2.50582	0.627081
2.90254	0.653057
2.8351	0.476554
2.88615	0.870754
2.86023	0.646471
2.78876	0.57162
2.83219	0.506167
2.80055	0.493362
2.86592	0.558758
2.84722	0.584176
2.72195	0.476401
2.8042	0.545554
2.80256	0.773324
4.94643	-0.102374
5.82519	-0.0742784
4.90112	0.182598
4.30992	0.832925
4.37507	1.85345
4.72466	1.88613
5.13135	1.75239
5.152	1.99218
5.32386	1.94567
5.48005	1.93024
5.52107	1.83483
5.48585	1.90547
5.56234	1.82651
5.561	1.68823
5.09419	1.75143
5.03154	1.63022
4.93315	1.70454
4.91533	1.74836
4.93094	1.70208
4.83874	1.76866
4.75436	1.78631
4.6099	1.77807
5.29738	1.32899
6.24513	1.45886
6.6193	1.30378
6.65375	1.01295
5.61303	0.850046
6.07904	1.23036
6.8043	1.42009
7.1839	1.31458
7.29222	1.29594
7.1857	1.43985
7.16961	1.4563
7.10863	1.54944
7.18615	1.41371
7.11714	1.43228
7.02121	1.4061
6.5716	1.54814
5.38442	1.72479
4.04895	1.94703
3.81865	1.71464
3.61121	1.68489
3.5136	1.34226
3.30873	1.09016
3.35043	1.11324
3.24252	0.915262
3.14241	0.918418
3.46637	0.715675
4.32662	0.705714
4.52944	0.929968
5.72925	1.69143
6.02689	1.96097
5.68723	1.76627
5.31332	1.37596
5.94035	1.78956
6.25236	1.58955
6.49781	1.67744
6.30518	1.78495
6.47487	1.78849
6.51525	1.7393
6.44997	1.61772
6.20744	2.31706
5.57596	2.18516
5.93198	2.14267
5.87041	2.09022
5.53739	2.00848
5.4733	1.8387
4.25373	2.03657
3.52634	1.55472
3.34748	1.28563
3.16962	1.30931
3.31681	1.22458
3.1121	0.850457
3.36103	0.859013
4.72909	0.426796
4.61239	0.390242
5.04411	0.297837
3.99973	-0.0745051
4.25154	0.047964
4.23561	0.331959
5.3774	0.387125
5.73042	0.407758
5.43512	0.82923
5.50389	0.894245
5.53657	1.01673
5.5716	1.11484
5.67167	0.881335
5.5995	0.791387
5.40518	0.881331
5.2763	0.935825
5.35333	1.1481
5.67455	1.45378
5.71845	1.83296
5.78656	1.82772
5.6609	1.90173
5.68446	1.75128
5.27538	1.87464
4.55666	1.79109
4.34841	1.64593
4.27274	0.939599
4.46203	0.398022
4.34054	-0.00020096
4.21545	-0.16155
4.23861	-0.26678
4.34529	-0.45135
4.14604	-0.474519
4.21221	-0.443665
4.43224	-0.297429
4.24191	0.0363144
3.8367	0.743423
3.9361	1.20783
5.56715	1.56745
6.16737	1.49651
6.33623	1.35998
6.21649	1.49146
6.15935	1.58836
5.84501	1.71069
5.6917	1.56579
5.49019	0.838847
5.10998	0.564893
5.03344	0.874378
4.72058	1.57616
4.1876	1.69782
3.49065	1.3907
3.19132	1.13683
2.99971	0.99648
2.92871	0.73973
2.87263	0.977869
2.80043	0.742803
2.9855	0.708806
4.53543	0.694991
4.42398	0.767631
5.22869	0.770423
4.82391	1.00652
3.97082	1.42297
5.2718	1.61465
5.88579	1.68486
5.99409	1.88377
6.067	1.9964
6.09421	1.93534
6.03252	1.98717
5.97887	1.93683
5.88542	2.02822
5.86582	2.02231
5.75633	2.11432
5.52442	1.89269
4.72646	1.36679
4.11755	0.7816
4.36342	0.312944
4.60759	0.574568
5.00097	1.09471
5.12771	1.02137
5.38206	0.671201
5.46252	0.486824
4.74123	0.766402
4.94124	0.556085
4.54174	0.50153
4.38981	0.625208
4.25069	0.799491
4.21601	0.780217
3.95646	0.909869
3.26549	1.17814
3.02235	0.79766
2.87779	0.652799
2.88749	0.687123
2.85293	0.697174
2.88178	0.674182
2.96787	0.571289
2.84417	0.462756
2.86071	0.487785
2.70591	0.575517
2.87316	0.646385
2.75646	0.534932
2.76746	0.698448
4.24984	0.722031
4.24156	0.703031
4.80043	0.70848
4.15446	0.562752
3.44329	0.349926
3.35034	0.747272
3.22156	0.916894
3.0095	0.682114
2.98835	0.364026
2.98808	0.61586
3.01678	0.661142
2.80942	0.756296
2.76264	0.530705
2.88729	0.5794
2.74523	0.407567
2.80678	0.43894
2.7527	0.595083
2.71493	0.525945
2.7081	0.733239
2.92678	0.406036
2.83393	0.603314
2.79268	0.539214
2.84061	0.481639
2.77476	0.605722
2.83187	0.513085
2.79501	0.611992
3.02693	0.955643
3.34197	1.25913
3.54048	1.53028
3.79614	1.54284
3.99779	1.09503
4.62509	1.5499
6.46691	1.66546
7.17507	1.4943
7.26756	1.19679
6.95881	1.13372
5.96998	1.42238
4.70269	1.52285
3.87861	1.44715
3.58996	1.30388
3.49402	1.1549
3.33968	1.1615
3.2153	1.04439
5.23041	0.409347
5.5917	0.496623
4.53028	1.16525
6.00885	1.04698
6.43068	0.898862
6.45265	0.957066
6.35275	1.065
6.04741	1.18744
5.12463	1.45984
4.13147	1.48399
3.67373	1.45832
3.4349	1.30692
3.64046	0.904792
4.3884	0.381901
4.86729	0.617943
4.93658	0.878733
4.87455	1.34983
5.94784	1.52868
6.17112	1.36137
6.1349	1.38653
6.05542	1.37741
5.90841	1.31608
5.61381	1.34596
5.28652	1.38018
4.97761	1.06448
5.0323	0.558113
4.77611	0.268153
4.51663	0.114191
3.94378	0.439465
4.40257	1.06955
4.96665	-0.0434535
4.51696	0.323966
4.64946	0.79165
4.18782	1.4661
4.42379	1.52059
4.51284	1.54187
4.6106	1.5245
5.11016	1.00711
4.84895	1.43577
4.76651	1.57759
4.59638	1.75647
4.48336	1.89069
4.48989	1.82777
4.52187	1.76312
4.46255	1.82138
4.20683	2.0032
4.10122	2.01589
3.92124	1.93144
4.15963	1.26918
4.13841	1.09055
3.83821	0.563397
3.87634	0.11421
4.25476	-0.245896
4.07844	-0.416606
4.47015	-0.65364
4.45005	-0.853698
4.60058	-0.347843
4.62781	-0.244372
4.29741	-0.231812
4.19752	0.164251
4.90208	0.840261
5.58722	0.758476
5.55886	0.793282
5.70902	0.72374
5.87597	0.660867
5.92806	0.653168
5.93812	0.571765
5.93237	0.675577
5.79777	0.851709
5.87175	0.811476
5.97925	0.864826
6.09098	0.934283
6.25866	1.00156
6.4654	0.955869
6.61771	0.841326
6.63839	0.882568
6.61722	0.941552
6.58203	1.0104
6.53153	1.0846
6.39558	1.18479
5.97046	1.34462
5.23894	1.55061
4.8758	2.01426
4.96679	1.92483
5.06302	1.69113
4.97417	1.8976
5.0231	1.84199
4.97426	1.88641
5.01414	1.91037
4.92938	2.08267
4.98452	1.93197
4.93784	2.04248
4.97045	2.10681
5.97096	1.53575
6.1526	1.50426
5.92576	1.65036
5.79647	1.58597
5.51038	1.70464
5.1184	1.77554
4.80403	1.63997
4.48554	1.31899
4.51857	0.924712
4.41517	0.464897
4.38374	0.300517
4.42277	-0.114088
4.41234	0.262493
4.59237	0.456199
4.78556	1.10865
5.27623	1.32116
5.61682	1.3004
5.8721	1.18363
5.89415	1.29112
5.95877	1.28922
5.57722	1.33959
4.657	0.561527
5.05839	0.118414
5.60643	0.993184
5.99723	1.38624
6.15791	1.50738
6.13025	1.49673
6.02032	1.60657
5.94746	1.60716
5.79238	1.8272
5.85606	1.76695
5.83315	1.75428
5.79521	1.78517
5.68933	1.8347
5.5757	1.82578
5.47199	1.74619
5.48426	1.81959
5.73772	1.75961
5.95616	1.72647
6.23266	1.62187
6.47564	1.50258
6.50769	1.53499
6.46883	1.64638
6.37045	1.74812
6.21067	1.75549
5.8983	2.01081
5.6918	2.02403
5.37963	1.9819
4.9865	1.86732
4.93394	0.9609
5.14	0.347356
4.82347	-0.068151
4.45181	-0.301173
4.84446	-0.584241
4.63381	-0.488795
4.61675	-0.337549
4.41708	-0.297855
4.06277	0.0522308
3.61182	0.764696
3.95815	1.51519
4.4335	2.04393
4.91608	1.88196
4.7679	1.95367
4.77897	1.77316
4.65795	1.79572
4.60168	1.59498
4.39577	1.61858
4.19375	1.55698
3.92198	1.44013
3.43031	1.4565
3.22156	1.28074
3.12004	1.22993
3.06555	1.20582
3.0766	0.801038
2.93849	0.810715
3.95688	0.822384
5.46896	0.445625
4.95935	0.404745
5.10724	0.602949
5.73991	0.85633
5.67011	0.934512
5.34066	1.37754
4.5898	1.79236
4.55708	1.86806
4.44077	1.99331
4.348	2.05421
4.29978	1.94144
4.17499	1.98291
3.92925	1.89006
3.69883	1.72746
4.34575	0.911184
4.82365	-0.19553
4.32087	-0.195464
4.16664	-0.166231
4.08186	-0.321268
3.78522	-0.156924
3.66096	-0.168897
3.5904	-0.155479
3.40361	0.128236
3.27395	0.3297
3.1429	0.465035
3.34699	0.482607
4.59683	0.654911
5.04451	0.713142
5.44014	1.54203
5.55281	0.611999
4.31715	-0.505057
4.85374	-0.767971
4.75404	0.0664413
5.65778	1.20424
5.8646	1.25834
5.73973	1.31987
5.30457	1.29164
4.8731	1.19546
4.62784	0.498515
4.77427	-0.10534
4.62328	-0.131484
4.66638	-0.436423
4.51333	-0.500905
4.50512	-0.32219
4.40302	-0.393174
4.23272	0.0567614
4.08475	0.595036
3.93308	1.1195
3.95793	1.07562
3.99989	0.974316
3.92752	1.50103
5.37244	1.76998
5.82617	1.80982
5.05244	1.97864
5.65307	1.90794
4.93293	2.2087
5.21042	2.0982
3.95763	1.5519
3.72529	1.22467
4.33454	2.1471
4.85099	2.29376
3.9191	1.71529
3.70026	1.81765
4.12152	1.79707
4.06693	1.80401
3.91764	1.75753
3.89743	1.71357
3.66192	1.75905
3.57844	1.73199
3.64949	1.56171
3.4258	1.59231
3.2746	1.392
3.29072	1.54392
3.21329	1.30031
2.91031	0.915881
2.96084	0.858804
4.51815	0.0374078
4.0602	-0.254845
3.9697	-0.915115
4.2467	-0.83633
4.3938	-0.834746
4.22968	-0.689153
4.317	-0.657936
4.13446	-0.73219
4.05911	-0.545977
4.03832	-0.79164
3.72943	-0.61622
3.48623	-0.302981
3.40661	-0.0499368
3.07583	0.638126
2.83361	0.617824
2.75314	0.640957
2.89668	0.652067
2.91773	0.59742
2.86652	0.655388
2.891	0.497849
2.81581	0.44131
2.79239	0.497416
2.76839	0.460954
2.93286	0.279511
2.68931	0.519254
2.70695	0.525568
2.91501	0.539873
2.98849	0.730287
2.98823	0.571887
2.88035	0.64632
3.01091	0.768855
2.93282	0.59533
2.81896	0.624963
2.77554	0.498142
2.94354	0.531436
2.99284	0.630735
3.20265	0.837861
3.39297	1.26917
3.61665	1.16926
4.45101	0.233272
4.97069	-0.0515486
5.19921	-0.110892
5.29113	-0.0119366
5.57044	0.0328362
5.96517	-0.0372761
6.1262	0.251701
6.7897	0.252673
7.04608	0.53799
7.05894	1.06693
7.00431	1.35741
6.8849	1.62945
6.67712	1.74262
6.22911	2.01451
5.67961	1.97206
5.26147	1.75369
5.27251	1.81174
5.37699	1.72084
5.36602	1.79027
5.48974	1.54456
5.86046	1.41923
5.76315	2.35812
6.13202	1.90949
6.19072	1.76511
6.19533	1.6502
6.13629	1.63981
5.95828	1.6557
5.52004	1.69253
4.44923	1.77566
3.72834	1.72375
3.67761	1.66541
3.49418	1.723
3.48939	1.40917
3.32774	1.20033
5.09692	-0.299843
5.4348	0.08637
5.53675	0.59673
4.60416	0.621964
5.18242	1.59811
6.08477	1.25278
6.29815	1.00158
6.25355	0.99879
5.9417	1.0407
5.28521	1.10406
4.1138	1.40681
3.56105	1.62464
3.84204	1.30319
3.95372	1.24447
4.10878	0.304994
4.24387	0.235571
4.94727	0.426619
4.98773	1.04937
5.33952	1.15421
6.41381	1.60981
6.24663	1.85291
6.80295	1.46167
6.72916	1.43597
6.73322	1.41805
6.54129	1.43174
6.46272	1.54214
6.64463	1.43455
6.43738	1.67924
6.16722	1.91034
5.83317	1.93206
5.12958	2.18595
4.90404	1.99407
4.87032	2.07245
4.96403	2.0119
5.01357	1.9285
5.05341	1.83506
5.06627	1.89624
5.03572	2.00294
5.18642	1.76301
5.17092	1.86612
5.22995	1.74208
5.21666	1.68946
5.24975	1.61153
5.17746	1.53683
5.23372	1.60259
5.67097	1.68273
5.81394	1.62168
5.84728	1.59149
5.98007	1.46673
6.0744	1.42929
6.08649	1.4435
6.07638	1.44905
5.98161	1.50135
5.80693	1.52449
5.34876	1.61361
4.70388	1.69572
4.09361	1.86694
3.90107	1.71016
3.65865	1.63781
3.47204	1.65392
3.37095	1.39838
3.49043	1.25893
3.47957	1.39014
3.86887	1.66365
4.47222	1.76623
5.1632	1.85019
5.5498	2.00979
5.97669	1.6889
6.05824	1.50246
6.07549	1.46131
6.29849	1.42517
6.63398	1.23983
6.7716	1.22912
6.58676	1.48602
6.3872	1.61958
6.40677	1.58083
5.93713	2.08801
5.5865	1.98898
6.0755	1.75674
5.89053	1.8302
5.99019	1.73113
6.50193	1.54379
6.0567	1.71477
6.67733	1.54012
5.93271	1.67802
6.55902	1.4452
6.02026	1.51077
6.30619	1.32966
5.85009	1.71337
6.06748	1.54102
6.14143	1.64899
6.31404	1.63461
6.37724	1.70491
6.39766	1.67272
6.23662	1.87093
5.90034	2.23156
5.55216	2.47233
5.25243	2.38707
4.81051	2.24664
4.68601	1.85204
4.45733	1.94743
4.25292	2.10253
4.16394	1.91951
4.02959	1.8102
3.72082	1.74902
3.77675	1.58794
3.70645	1.40704
3.6973	0.677568
4.06534	-0.241773
4.11112	-0.399205
4.60877	-0.537225
4.42837	-0.454225
4.52937	-0.449477
4.63359	-0.467269
4.48706	-0.438405
4.50991	-0.462508
4.15078	-0.277938
3.93238	0.128012
3.91468	0.628464
5.00392	1.07061
5.69045	1.12374
5.99921	0.834484
6.01759	0.979121
6.18273	1.09072
6.22779	1.28701
6.00958	1.40567
5.86476	1.70824
5.15551	1.72012
4.73126	1.42077
4.68896	0.771576
4.65401	0.38704
4.78619	-0.0693093
4.7209	-0.321022
4.86075	-0.546175
4.79167	-0.353546
4.85429	-0.276691
4.36324	0.307184
3.27828	0.889207
2.9665	0.697436
3.20255	0.693804
3.22562	0.719448
3.32908	0.556737
4.83195	0.63771
4.94611	0.162936
5.09935	0.875466
5.73796	1.54976
5.17932	1.9303
5.27697	2.07089
5.77703	1.89373
6.0217	2.002
5.96261	2.16413
5.8594	2.20215
5.83127	2.01547
5.61386	1.97283
5.31649	1.81658
5.19906	1.79373
4.75782	1.83308
4.3525	1.74493
4.25082	1.21672
4.33761	0.533033
4.51052	0.185286
4.37043	0.0183001
4.41788	-0.171993
4.38697	-0.296335
4.47542	-0.350455
4.45227	-0.173006
4.22902	0.0216621
4.05679	0.116765
3.9694	0.487866
4.11159	1.00889
5.06802	0.963672
4.99991	0.892134
4.62622	1.1264
4.18648	1.21876
3.77162	1.12269
3.30541	1.27209
3.13108	0.87989
2.87205	0.793679
2.96405	0.72727
2.98682	0.652284
2.97732	0.690768
2.89189	0.690244
3.05491	0.659985
4.44658	1.41011
4.33551	1.44772
3.48034	0.9234
3.87214	1.51123
3.48396	1.17787
3.40635	1.41451
3.85347	1.78556
4.20933	2.25908
4.32905	2.33544
4.21477	2.21315
4.10238	2.01678
4.08225	1.98106
3.9917	2.0478
3.95461	1.88033
3.75224	1.8957
3.69705	1.66409
3.47641	1.64073
3.33154	1.1912
3.18253	1.01694
2.89727	0.844221
5.08977	0.635182
5.29473	0.557533
4.61593	0.284172
4.22541	0.499799
3.9756	0.638365
3.77944	0.764143
3.75758	0.998901
4.23675	1.33222
4.86233	1.90613
4.89008	2.00886
5.42523	1.87189
5.98326	1.93317
6.18779	1.70185
5.98143	1.77493
5.3297	2.16162
4.98793	2.07971
4.77807	2.01601
4.4943	2.08804
4.34312	1.91385
4.07626	2.07104
3.92794	1.8947
3.72637	1.90765
3.71218	1.92509
3.67103	1.67064
3.45478	1.75454
3.31822	1.39522
3.2818	1.20219
3.24686	1.20229
3.31397	1.25087
3.32103	1.28969
3.26137	1.29871
3.37659	1.05033
3.27054	1.16767
3.0793	0.78197
3.00327	0.878764
2.95848	0.806878
2.96413	0.692179
2.97774	0.549867
2.84473	0.675142
2.97469	0.571467
2.98505	0.570939
2.84631	0.647462
2.88737	0.694487
2.89957	0.499645
2.3356	0.517112
2.62798	0.572349
2.73922	0.434294
2.7262	0.570251
2.75717	0.769083
2.95368	0.624869
4.17353	1.49108
5.5179	1.40032
3.64205	1.34545
4.21021	1.76538
5.10648	1.50698
6.06399	1.36947
6.22036	1.33265
6.78138	1.51154
6.67711	2.07979
6.70204	1.95504
6.81479	1.7534
6.64211	1.87912
6.51593	1.87812
6.39102	1.90239
6.29056	2.00658
6.33448	2.0066
6.40741	1.99861
6.60479	1.8819
6.85768	1.69602
7.08604	1.38741
7.18454	1.30175
7.13678	1.36454
7.05248	1.4457
6.89687	1.60083
6.66244	1.76189
6.19524	1.99635
5.239	2.22613
4.72807	1.75882
4.61079	1.7659
4.34075	1.85592
4.07818	1.82223
3.8657	1.98072
4.89153	0.311542
4.45501	0.192648
4.66755	-0.287981
4.83033	-0.514025
4.95566	-0.378924
5.07732	-0.308635
5.01835	-0.068371
4.95759	0.60322
5.12806	1.09463
5.32848	1.28436
5.32582	1.11365
5.29065	1.0607
5.29647	0.878843
5.16001	0.981606
5.13352	0.877882
5.07316	0.726867
5.12301	0.527838
5.02939	0.40941
4.84194	0.699429
4.90013	0.617607
4.70676	0.720665
4.31246	1.03369
4.09096	1.16839
3.9711	0.908216
4.1849	0.839048
4.30212	1.21595
4.73794	1.33779
5.16965	1.74263
5.74808	1.64125
6.08307	1.63064
6.25469	1.61374
6.36216	1.43953
6.42915	1.26499
6.39068	1.25995
6.39536	1.11053
6.35501	0.95257
6.20479	0.974392
6.04973	1.04721
6.07167	0.789837
6.14073	0.55394
6.22405	0.384428
6.31836	0.392133
6.4481	0.40611
6.51006	0.516916
6.55123	0.681158
6.4564	1.10729
6.53179	1.15142
6.20901	1.57969
6.17244	1.74299
6.11464	1.82008
5.78576	1.9926
5.61274	2.14133
5.65509	2.03317
5.38306	1.96332
5.20337	2.07335
5.00469	2.32269
4.81381	2.07845
4.64564	1.95195
4.42622	1.87906
4.28235	1.83133
4.23445	1.98442
4.17942	1.71262
4.18018	1.68317
4.14174	1.67843
4.35702	0.979421
4.53553	0.520811
4.87377	-0.0497498
5.19312	-0.46579
5.17597	-0.696854
5.06429	-0.474289
4.88886	-0.634011
4.65512	-0.287959
4.38885	-0.162727
4.16107	0.354709
3.81224	1.10972
5.58154	1.72603
6.21197	1.69575
6.25337	1.82003
6.30369	1.85538
6.14929	1.9045
5.89074	2.00066
5.56633	2.0756
5.1647	2.09922
4.71663	2.21223
4.50467	2.10363
4.20472	2.08035
3.94305	2.06885
3.73637	1.88694
3.58791	1.42485
3.21947	1.52021
3.28564	1.19165
3.13971	1.03926
2.8463	0.922727
3.30605	1.00035
3.7217	1.34048
3.33384	1.1922
3.40076	1.18313
3.34039	1.48492
3.26439	1.34015
3.86786	1.80226
4.97068	1.92251
5.24634	1.6713
5.28898	1.92281
5.39217	1.93622
5.49592	1.82337
5.62226	1.64234
5.42939	2.02546
5.51802	1.80583
5.63031	1.47625
5.7931	1.21833
6.03224	1.39991
5.97405	1.79421
6.13424	1.65007
6.12103	1.61751
6.23439	1.40729
6.23534	1.33363
5.46864	1.45641
5.08178	1.56824
5.30422	1.54873
5.04833	1.34836
4.73359	1.29739
4.26571	1.56229
4.03494	1.4552
3.87007	1.20602
3.68364	1.28288
3.54277	1.01322
3.43008	1.0869
3.17725	1.06189
3.06188	1.1252
2.93956	0.918549
3.01407	0.827196
2.86468	0.952121
2.76211	0.742699
2.75917	0.667624
2.87275	0.618979
2.80191	0.572598
2.75255	0.802586
2.35414	0.5589
2.76401	0.528558
2.65148	0.410701
2.72438	0.38029
2.73088	0.60115
2.9912	0.417145
2.66572	0.425283
2.65073	0.520097
2.63716	0.679665
2.66757	0.687113
2.70931	0.733898
2.65103	0.711158
2.83589	1.11513
3.48111	1.63836
4.24967	1.60537
4.26905	1.56162
4.89623	1.45585
5.0252	1.61877
5.13561	1.44436
5.59128	2.05464
6.08878	2.06609
6.38676	1.87629
6.39392	1.86861
6.37451	1.80856
6.13171	1.86955
5.87003	1.7857
5.40091	1.6585
5.14991	1.38627
4.90186	1.35481
4.98016	1.24484
5.32365	1.15816
5.82779	1.0871
5.93788	1.00672
5.89828	1.00909
5.76062	1.14514
5.59977	1.36834
5.20731	1.44198
4.94649	1.19233
4.68319	1.08171
4.60661	0.569965
4.77255	0.384015
4.87934	0.386343
5.17234	0.419742
5.37635	0.743187
5.47464	1.19588
5.26087	1.60594
5.08393	1.77978
5.00487	1.9914
4.97842	1.91454
5.073	1.802
5.16709	1.6054
5.2238	1.41899
5.16086	1.06545
5.13264	0.741399
5.27477	0.116103
5.30449	-0.277098
5.12083	-0.305716
5.18884	-0.72678
5.11229	-0.81442
5.27006	-1.04018
4.92284	-0.965393
4.94783	-1.01552
4.91296	-0.675698
4.75288	-0.821009
4.75743	-0.836572
4.59838	-0.563552
4.11094	0.254418
5.27969	1.31285
6.18315	1.15836
6.35196	1.14789
6.40802	1.20859
6.50228	1.19849
6.52062	1.27413
6.53802	1.38339
6.55257	1.46812
6.5861	1.50551
6.45324	1.63585
6.37701	1.6963
6.26285	1.75642
6.07439	1.85507
5.89403	1.96507
5.89782	1.89932
5.87179	1.99838
5.9016	2.00336
5.9482	1.98316
5.95976	2.03637
5.99945	1.98827
6.09817	1.91513
6.18613	1.89559
6.17951	1.95545
6.14699	1.9501
6.08749	1.97706
5.87016	1.98741
5.52604	1.72213
5.3345	1.36604
5.1987	1.62217
4.61844	1.9461
4.39168	1.83767
4.3279	1.24823
4.87295	0.893775
4.77906	0.179882
4.76031	-0.237731
4.66726	-0.601371
4.94627	-0.796209
5.11756	-0.773553
5.02611	-0.736317
5.12893	-0.548361
4.99996	-0.273952
4.72444	-0.367903
4.7607	-0.152329
4.48797	0.354585
4.07104	0.651613
3.97121	1.35489
5.23346	1.61268
5.28671	1.86553
5.14679	2.08499
5.15525	2.10415
4.99164	2.11798
4.70976	1.81501
4.76959	1.86158
4.76358	1.84956
4.66032	1.8767
4.67675	1.77237
4.74996	1.74343
4.70557	1.75132
4.65362	1.71807
4.55809	1.86709
4.43003	1.9591
4.42368	1.78476
4.45805	1.53047
4.17668	1.72996
4.07284	1.70427
4.82808	1.12867
6.08116	0.999394
6.74731	1.02023
6.9952	0.969572
7.16561	0.783199
6.88968	1.1144
6.60827	1.32298
6.40411	1.42878
6.0797	1.57571
5.43861	1.52535
4.01803	1.59285
3.54856	1.34604
3.57807	1.32651
3.39523	1.29405
3.37013	1.25004
4.25049	-0.045499
4.47133	0.0368126
5.13128	-0.658283
5.05382	-0.610164
4.81224	-0.501301
4.49983	-0.33635
4.43706	0.0516824
4.29113	0.367615
4.47369	1.4391
5.52438	1.77698
5.78446	1.75952
6.16441	1.57822
6.28224	1.72271
6.30681	1.85084
6.38327	1.64904
6.07703	1.5499
4.49459	1.70575
3.3887	1.6547
3.39355	1.43358
3.13597	1.29905
4.0865	0.547548
5.01373	0.418632
4.73011	0.930841
3.62337	1.18402
4.9392	1.36685
6.03458	1.47572
5.74661	2.05057
5.67043	2.04527
5.4385	1.96314
4.9333	2.05165
4.52999	1.89675
4.67021	1.90587
4.65201	2.08368
4.71267	2.00375
4.64597	2.12144
4.76835	2.00138
4.83618	1.78908
4.91168	1.42461
5.1536	0.993084
5.40305	0.733164
5.58467	0.524532
5.6626	0.492788
5.58104	0.743706
5.54008	1.05457
5.42234	1.33808
5.30229	1.59255
5.25551	1.7124
5.26618	1.78724
5.3486	1.71754
5.32221	1.74456
5.05168	1.82409
5.03111	1.6598
5.08893	1.56693
5.06457	1.66084
5.02937	1.78273
5.13592	1.65797
5.27562	1.85272
5.61237	2.01518
6.03704	1.94551
6.26256	1.86933
6.35666	1.78047
6.29017	1.85925
6.20713	1.92803
6.02577	2.07728
5.55147	2.26955
5.08809	2.08283
4.8412	2.14562
4.60018	2.19324
4.34797	2.11604
3.99757	2.06699
3.76618	1.85487
3.50305	1.60914
3.17578	1.52926
3.08027	1.27365
3.01726	1.09286
3.03529	1.05996
3.46736	0.693884
4.0281	0.664277
4.3456	0.433668
4.19956	0.254414
5.37143	0.331199
5.80199	0.60451
5.86659	1.15207
6.04878	0.970831
6.02644	0.894892
5.92433	0.918682
5.82206	0.987592
5.64425	1.09376
5.29385	1.26892
4.9527	1.04247
5.06935	0.85928
5.00966	0.614268
5.11599	0.556376
5.16877	-0.150191
4.95752	-0.160395
4.9304	-0.0630868
4.91553	-0.22966
4.6681	-0.0205402
4.59525	0.372494
4.46478	0.720106
4.41441	1.42353
5.47115	1.94986
5.66372	1.9278
5.73449	2.01634
5.92335	1.96083
5.92274	2.12086
5.8991	2.08097
5.68761	2.10894
5.44496	1.83906
4.9809	1.7721
4.4559	1.5802
4.43458	0.554715
4.56273	-0.0203365
4.66933	-0.70686
4.82572	-0.955638
4.85209	-1.06148
4.78573	-1.10568
4.97487	-1.18798
4.93913	-1.168
4.82544	-0.824921
4.55783	-0.428712
4.22119	0.257403
3.76625	0.723058
5.19907	1.29823
5.98332	1.65429
5.95856	1.8313
5.94066	2.19649
5.99041	2.16751
5.91551	2.09149
5.87253	1.75976
5.75058	1.57737
5.51209	1.47937
4.99112	1.55243
4.04513	1.52428
3.3359	1.55233
3.26852	1.26175
3.24615	1.20681
3.23084	1.02441
3.37238	1.04837
3.13371	1.09112
3.29984	1.30008
4.19817	1.92108
4.29159	2.08967
4.48585	2.148
4.55676	2.23029
4.52293	2.15137
4.50766	2.12974
4.36294	2.08116
4.29702	2.00604
4.22256	1.96296
4.12703	2.0467
4.0447	1.99007
3.94238	2.00173
3.85159	1.90251
3.7606	1.99738
3.88815	1.70479
4.68211	1.55197
5.31741	1.27793
5.51264	1.27759
5.58618	1.35311
5.51009	1.14852
5.46278	0.779454
5.7736	1.0518
5.85909	1.46696
5.94581	1.50984
6.0614	1.41232
6.11475	1.34129
6.15527	1.3196
6.09631	1.30982
5.78843	1.36441
4.82789	1.64663
4.8041	1.58308
4.90114	1.62204
5.01719	1.34085
5.00173	1.42555
4.83809	1.66539
4.51238	1.76975
4.38877	1.69783
4.18064	1.44944
3.84335	1.51658
3.59036	1.52263
3.92914	0.843592
3.97173	0.242083
4.04626	-0.132269
3.86335	-0.394234
4.06675	-0.511988
4.10298	-0.57871
4.07308	-0.565063
3.98054	-0.59486
4.03279	-0.427543
4.03536	-0.62591
4.048	-0.640727
4.02737	-0.688591
3.23881	0.931682
2.84007	0.553819
2.82647	0.653408
2.89738	0.515938
3.02618	0.677086
3.01721	0.606024
3.02906	0.71192
3.03968	0.767814
3.27304	0.796301
3.45531	0.94903
3.43024	1.14567
3.28105	1.49813
4.24761	1.99411
5.16479	2.22995
5.49733	2.20199
5.65123	2.08434
5.48989	2.2222
5.18908	1.92511
4.85896	1.90095
4.84813	1.97922
4.81806	1.92011
4.87222	2.01867
5.02576	1.97336
5.71897	2.16683
5.70827	2.64336
5.90818	2.6075
6.28895	2.14995
6.31524	2.19804
6.166	2.47978
6.16595	2.35997
6.11339	2.23759
5.74007	2.43026
5.42834	2.52451
5.32499	2.49582
5.32442	2.21963
5.14347	2.22779
4.91423	2.15999
4.56487	2.10061
4.15698	1.53583
4.62444	0.634379
4.66704	0.231233
4.54354	0.598635
4.47749	0.489616
4.49529	0.268666
4.37648	0.443856
4.44208	1.68531
5.62186	2.03924
5.81933	2.07694
5.94467	1.88433
6.04803	1.78774
6.01083	1.99007
6.10014	2.04384
6.10774	2.04364
6.2698	1.92518
6.54222	1.63166
6.74066	1.45398
6.96453	1.18094
7.05723	0.97549
7.00196	0.814783
6.57643	0.930137
5.71759	1.40289
4.79098	2.07097
4.84438	1.97041
4.8681	1.96715
4.66069	2.0531
4.60054	1.74044
4.38458	1.76835
4.05234	1.76592
3.8286	1.52592
4.28328	0.458959
4.26027	0.0743034
4.59868	-0.144345
5.01787	-0.451041
5.10128	-0.663572
5.1313	-0.867612
5.27208	-1.02416
5.31818	-0.611063
4.84977	-0.235997
4.50818	-0.259685
3.69152	-0.082169
3.38816	0.396343
3.39071	0.485872
3.81705	0.432646
4.29939	0.450043
5.46611	1.05831
6.15705	0.860209
6.30993	0.87827
6.44624	0.875868
6.31906	1.17855
6.08888	1.03754
5.4958	-0.109147
5.5915	0.859632
6.53465	1.25367
7.14451	1.13189
7.41263	1.20316
7.44664	1.08968
7.41864	1.19243
7.32499	1.2724
7.24791	1.29156
7.01771	1.47411
6.61224	1.87871
6.39794	1.91462
6.28706	1.65685
6.09124	1.62952
5.77332	1.63413
4.73983	1.70024
3.83247	1.52174
3.7352	1.27916
3.55052	1.26234
3.47001	1.25856
3.53833	1.02551
4.68174	0.813379
4.98862	0.801831
4.50455	1.64037
6.31648	1.88562
6.65937	1.79302
6.72234	1.88071
6.40007	2.07195
5.71705	1.93442
4.48873	2.02207
4.68319	1.96938
4.42703	1.87876
3.71116	1.38902
3.56509	1.39095
3.37411	1.30495
4.17542	1.00794
4.02648	0.917128
5.15421	0.611853
4.97366	0.99502
4.42161	1.24141
5.74675	2.26307
6.44636	1.96813
6.56735	1.79822
6.3655	1.84258
5.64527	1.96446
5.11417	2.14663
5.29417	2.02042
5.36737	1.96449
5.3339	2.06794
5.70016	1.94559
5.8736	2.00222
6.57176	1.66348
6.78546	1.64813
7.00387	1.51345
7.12291	1.47629
7.11675	1.46875
7.02983	1.55627
6.69611	1.81065
6.25739	1.7488
4.55835	1.77685
3.88954	1.78568
3.8208	1.7315
3.6581	1.60112
3.46357	1.27448
3.99849	0.726251
5.04385	0.467231
5.36953	0.465329
5.46584	0.745053
6.18153	0.575091
6.47038	0.208504
6.48019	0.0985491
6.19443	0.198266
5.25292	0.631379
4.26056	1.10756
3.83324	1.54757
3.73487	1.46222
3.54268	1.57814
3.57115	1.63794
3.56384	1.42267
3.58402	1.43691
3.74329	1.3422
3.63563	1.43299
3.7464	1.36803
4.46689	0.887323
5.7311	0.785429
5.54328	1.38214
6.22921	1.64435
6.28923	2.11072
6.3885	1.98009
6.3905	1.96918
6.31116	2.04196
5.76333	2.18542
4.75535	2.03752
3.87704	1.94432
3.51483	1.61184
4.03517	1.36743
3.52942	1.29905
3.23197	1.0834
3.19064	1.08647
3.26221	0.5286
4.50696	0.331307
4.51885	0.440267
3.67617	0.935452
3.55887	1.12231
3.37767	1.38577
3.69481	1.62949
4.70984	2.16788
4.86704	2.14235
4.82431	1.76749
4.56096	1.94094
4.70426	1.79623
4.62124	1.97355
4.68027	1.97852
4.74548	1.96684
4.92302	1.71021
4.81562	1.83921
4.68912	1.87207
4.65733	1.8515
4.60347	1.923
4.57308	1.95391
4.56741	1.89117
4.94506	1.66263
5.94627	1.69351
6.37117	1.5642
6.39972	1.69069
6.28818	1.98891
6.13765	2.15684
6.1605	2.09941
6.38194	1.67998
6.39987	1.605
6.0665	1.45821
5.3796	1.37243
5.86215	1.34826
6.13666	1.59692
6.39419	1.60763
6.4808	1.53568
6.45558	1.44027
6.28141	1.62049
6.03249	1.80399
5.76761	1.8111
5.5481	1.63278
5.08043	1.57463
4.76626	1.03709
4.82267	0.284877
4.77649	-0.536324
4.70107	-0.713108
4.905	-0.919016
5.11706	-0.717909
5.1996	-0.55623
5.01788	-0.661639
4.64933	-0.305233
4.45822	0.657376
4.95387	1.853
5.7835	1.78905
5.93174	1.73271
6.04596	1.86715
6.1416	2.03293
6.11244	1.92436
5.59915	1.96813
4.32949	1.4833
3.92065	1.16829
5.73606	0.361475
5.5979	0.486233
4.10176	1.01064
4.26137	1.25226
4.9831	1.73597
5.6786	1.9844
6.11733	1.80945
6.39255	1.70209
6.47421	1.64801
6.50518	1.77618
6.37638	1.99584
6.27356	1.98087
6.17004	1.94551
6.06945	1.93733
5.93977	1.93852
5.77573	2.02178
5.58809	2.02779
5.09656	2.03844
5.16424	1.89577
4.36728	1.93925
4.79277	1.80466
4.08124	1.72183
4.51711	1.76793
3.88906	1.92738
4.05644	1.88405
3.84982	1.72748
3.72092	1.64215
3.69057	1.7057
3.48439	1.61453
3.35005	1.36129
3.1843	1.26036
3.24083	1.02929
3.10182	0.839121
3.5331	0.389776
4.54686	0.0370899
3.14423	0.682499
3.09018	0.843212
3.0052	0.711888
2.91293	0.603013
2.90595	0.738127
3.0147	0.692483
2.98347	0.380938
2.97061	0.54958
2.88339	0.577273
2.427	0.608204
2.72619	0.512763
2.68621	0.769944
2.75552	0.523823
2.71503	0.450852
2.53068	0.42637
2.69161	0.484256
2.57716	0.510374
2.59142	0.506933
2.55815	0.467956
2.84942	0.890051
3.45567	1.83591
4.59933	1.93936
4.87209	2.0113
4.95509	1.93863
5.12729	1.7793
5.20172	1.71718
5.14453	1.49542
5.07987	1.57665
5.03835	1.61259
4.93522	1.64513
5.04841	1.62387
5.04547	1.59035
5.02393	1.5658
4.93455	1.62574
4.8685	1.61959
4.93018	1.6467
5.42899	1.65624
5.02021	2.10382
5.02004	2.15721
5.17796	1.93202
5.11945	1.84794
4.94928	1.30219
5.16056	0.287778
4.93076	-0.184363
5.13869	-0.53833
5.16704	-0.778629
5.03063	-0.715223
5.1702	-0.52198
4.9712	-0.392275
4.81225	-0.308822
4.56191	-0.0672339
4.66154	0.491025
5.86877	1.26068
6.34232	2.011
6.66917	1.70094
6.96336	1.57629
7.22945	1.25659
7.46391	0.840116
7.42823	0.606118
7.3166	0.3065
7.04472	0.0629283
6.59609	-0.10347
5.7414	0.0711236
4.53346	1.41402
4.4	1.5909
4.50218	1.35488
4.14679	1.6367
3.86895	1.42926
3.78711	1.30502
3.73701	1.28291
3.57195	1.18318
3.43654	1.45265
4.85256	0.846471
5.63563	0.915049
6.14436	1.51867
6.54489	1.77115
6.46034	1.93348
6.286	2.02754
6.09501	2.04507
6.3237	1.85903
6.55695	1.64241
6.66895	1.50723
6.80382	1.48212
6.7695	1.44466
6.49037	1.61682
6.22163	1.71486
5.82512	1.67475
4.93632	1.67008
3.86001	1.89536
3.33749	1.58057
3.22364	1.42253
3.48001	1.53855
3.7842	1.58297
3.28908	1.34817
3.40499	1.40077
3.25371	1.464
3.21364	1.50452
4.25542	1.76643
5.33372	1.7562
4.82204	2.03955
4.64644	2.05418
5.13883	1.95569
5.1046	2.03195
5.16779	1.98603
5.15959	1.85343
5.27681	1.76915
5.35196	1.71865
5.22286	1.83853
4.73691	1.64565
4.55555	1.83159
4.73438	1.65486
4.70056	1.78706
4.79515	1.84208
4.81161	1.90995
5.1173	1.49425
5.59469	1.43824
5.5446	2.10408
5.58172	1.99745
5.57586	2.04361
5.61522	2.00855
5.61449	1.88722
4.8788	2.14852
4.22064	1.75105
4.12765	0.624067
4.30765	0.0556627
4.48087	-0.382908
4.56133	-0.612532
4.57991	-0.795291
4.66039	-1.04603
4.66037	-0.964754
4.60315	-0.779449
4.51241	-0.565502
4.12376	-0.0266278
3.73929	0.638853
5.4457	1.21057
5.60778	1.63441
5.75023	1.72652
5.79298	1.73491
5.73971	1.88329
5.80763	1.75678
5.94426	1.70777
6.12171	1.64378
6.29149	1.58264
6.33549	1.73527
6.38591	1.83411
6.32241	1.91912
6.30093	1.89143
6.17306	1.91041
5.97086	1.94166
5.78388	1.95806
5.52772	1.99366
5.21705	1.27504
5.01152	0.577003
5.41092	1.24191
5.15806	1.88473
4.93155	1.6238
4.38591	1.73333
4.66882	2.06582
4.79703	2.0709
4.74868	2.21258
4.91649	1.94594
4.97469	1.86747
5.1392	1.68542
5.02673	1.49494
4.72931	1.33229
4.8215	0.992458
4.80112	0.566564
4.86988	0.124898
4.97333	-0.158343
4.84215	-0.240315
4.98609	-0.103096
4.95854	-0.100742
4.91147	-0.111479
4.94905	0.10869
5.06671	0.394422
5.09548	0.512372
5.12618	0.753485
5.46962	0.720168
5.61905	0.770658
5.73317	0.890722
5.81998	0.950929
5.78907	1.26164
5.9501	1.25136
6.18418	1.05711
5.76093	1.12567
5.90717	1.0325
4.96187	1.39784
5.29751	1.05348
4.54735	1.33609
4.0727	1.38122
3.71159	1.30812
3.33777	1.13023
3.23583	1.07449
2.95996	0.818708
2.83575	0.575382
2.77879	0.772351
2.73253	0.936593
2.73845	0.774157
2.74615	0.741565
2.60448	0.607327
2.7841	0.513831
2.63708	0.587603
2.81187	0.599621
2.67278	0.586983
2.58084	0.695943
2.99598	0.50232
3.02431	0.640325
3.0389	0.525847
3.00738	0.484529
2.86526	0.515583
2.94075	0.410557
2.99089	0.502327
2.97801	0.692292
2.8275	0.544585
2.90542	0.625392
2.83875	0.692837
3.97367	1.29211
5.1397	1.15004
3.87666	0.865901
3.70465	1.10645
4.36676	1.41101
6.20008	1.3176
6.4034	0.976513
5.81043	1.28609
5.40787	1.32819
5.12311	0.903348
5.04931	0.252124
5.02389	-0.183417
4.98827	-0.536863
5.03771	-0.460809
5.11553	-0.636138
4.94951	-0.486537
4.81453	-0.306258
4.58317	0.0987277
5.26717	1.22274
5.83783	1.27007
6.02475	1.37504
6.05565	1.45953
6.071	1.39625
5.93951	1.56902
5.67175	1.67411
5.48381	1.60065
4.95588	1.72444
4.65642	1.97367
4.61398	2.01515
4.64597	2.08701
4.54462	2.05073
4.49333	2.08002
4.38556	1.95077
4.32928	1.85798
4.15438	1.96358
4.06187	1.83724
5.3374	0.869228
5.26535	0.898821
5.42911	0.61563
5.80862	0.948808
6.1809	1.23285
6.44216	1.36261
6.60387	1.42537
6.6532	1.53216
6.72874	1.57816
6.7353	1.58834
6.64552	1.59675
6.45495	1.72228
6.30501	1.67977
5.86191	1.83372
5.15333	1.84311
4.20661	1.93893
3.70012	1.748
3.66977	1.63556
3.47738	1.30889
3.54857	1.08143
4.50953	1.38131
5.24259	1.63807
5.75499	1.46626
5.94466	1.43565
5.91462	1.48209
5.80814	1.55221
5.6639	1.67821
5.40427	1.82869
5.14183	2.02026
5.00672	2.10549
4.94758	2.01666
4.77827	1.99664
4.74753	1.84438
4.42837	2.01133
4.13059	1.9215
3.71778	1.65687
3.54613	1.25905
3.21446	1.15405
3.25441	0.873236
5.37584	-0.0300417
5.29271	0.139291
4.84656	0.21397
5.51165	1.39156
6.19836	1.17447
6.203	1.25393
6.07157	1.59908
5.75331	1.88109
5.14228	1.97822
4.6738	1.93099
4.6952	2.03274
4.72965	2.13241
4.84928	2.05567
4.84111	2.12133
4.91786	2.04944
4.97547	2.02349
5.11333	2.07572
5.56283	2.07341
5.8184	1.99976
6.00447	1.83503
6.10849	1.80297
6.1471	1.64606
6.19179	1.42473
6.2676	1.15132
6.25869	1.00491
6.22586	0.80012
6.10551	0.561843
6.12699	0.426366
6.27041	0.0415198
6.27402	-0.0581773
6.32698	-0.0717132
6.40042	-0.130401
6.4326	-0.130466
6.53277	-0.0620899
6.44475	0.107714
6.51565	0.237623
6.37554	0.728806
6.43141	1.10187
6.61105	1.18084
6.7783	1.18842
6.67056	1.38864
6.48932	1.59364
5.93857	2.03387
4.91939	2.29405
4.61652	2.03136
4.5002	1.97131
4.30656	1.92441
4.13821	1.98976
4.03406	1.82959
3.94067	1.71942
3.88249	1.54149
3.67834	1.4787
3.59421	1.35149
3.40321	1.21093
3.22557	1.16301
3.05412	1.20818
3.03527	0.856648
3.12546	0.801039
2.98657	0.729713
3.57645	0.802081
4.51671	1.05066
6.04016	1.95825
6.48051	1.85235
6.82423	1.70182
6.78338	1.89819
6.98074	1.57273
6.85061	1.71702
6.49979	1.97028
5.75747	2.20049
4.15062	1.58434
3.61981	1.63254
3.51428	1.41135
3.39366	1.29572
3.41156	1.06521
3.42572	0.961578
4.57339	-0.192974
4.52547	-0.755032
4.85313	-0.822529
5.18838	-0.463912
5.34301	-0.5421
4.71928	-0.307042
4.42662	-0.250923
3.99209	0.10618
3.62262	0.224968
3.57618	0.482501
3.47573	0.467183
3.75022	0.386482
3.81915	0.449297
3.81115	0.70756
4.3168	1.33644
5.01321	1.65715
5.30475	1.45105
5.40934	1.52469
5.57321	1.34834
5.51371	1.11138
5.08315	0.939376
4.96288	0.19922
5.14165	-0.386072
5.13382	-0.554443
5.02747	-0.68946
5.081	-1.10373
5.26689	-1.0494
5.17235	-1.01544
5.04388	-0.81775
4.94008	-0.715147
4.6427	-0.311855
4.66926	0.268077
5.72121	0.746057
5.88075	0.751967
5.95594	0.750592
6.07064	0.689647
6.11639	0.741068
5.84612	1.15419
5.74062	1.40823
5.65818	1.53851
5.09982	1.88025
4.10601	1.72573
3.90128	1.68329
3.73768	1.81987
3.78741	1.68583
3.81134	1.64199
3.74082	1.55133
3.55294	1.53015
3.62031	1.51069
4.65872	1.16473
5.31469	1.33943
5.54773	1.95822
5.49728	1.87829
5.36007	1.93462
5.34997	1.77884
5.17952	1.5627
4.85381	1.53134
4.80785	1.45435
5.35852	1.30709
5.42915	1.72148
5.79358	1.79975
5.33213	1.55748
5.4479	1.64296
4.92987	1.85003
4.66038	1.85259
4.562	1.72849
4.51339	1.79703
4.5462	1.57206
4.62529	1.55309
4.11887	1.38228
3.99188	1.52866
3.79498	1.2552
4.22044	0.265141
4.30437	-0.16254
4.47286	-0.416625
4.64804	-0.642887
4.60296	-0.799552
4.58655	-1.21684
4.48447	-1.07204
4.5265	-0.713815
4.63273	-0.866194
4.66046	-0.962737
4.8041	-0.874729
4.82829	-0.756944
4.6084	-0.571096
4.46188	-0.611013
4.12335	-0.514134
3.90228	-0.0397224
3.66928	-0.0631678
3.6307	0.181804
3.49765	0.387131
3.36142	0.629934
3.15029	0.604763
3.14815	0.643211
3.11081	0.630594
3.14784	0.594353
3.05144	0.875623
3.03391	0.619684
2.56671	0.703233
2.8642	0.498721
2.98141	0.497924
3.0749	0.543354
2.99694	0.412085
3.1244	0.54693
2.94922	0.545701
2.93398	0.489221
2.93738	0.452819
3.08301	0.695095
2.96794	0.598973
2.92212	0.477171
2.87964	0.578871
2.94987	0.485517
3.04702	0.505543
3.03087	0.553549
3.09947	0.343366
3.05617	0.541981
3.15766	0.677752
2.97492	0.653467
3.03208	0.6475
3.2125	0.99937
3.03862	0.630653
3.53508	0.430021
3.58748	0.516292
3.43342	0.838637
3.08324	0.828502
3.41038	0.716311
5.30664	-0.0109428
6.05142	-0.156889
6.09324	0.0638112
6.27492	-0.171766
6.22829	0.117471
6.1972	0.102353
6.09473	0.118161
5.86033	0.20047
5.43865	0.249592
4.79472	0.23738
3.93177	0.775549
3.5302	0.81965
3.45226	1.00756
3.26615	0.864637
3.34016	0.647306
3.17202	0.716599
5.45633	-0.46663
6.00512	-0.395884
4.88625	0.141812
6.5011	0.288669
6.76674	0.577462
6.75293	0.810115
6.85675	0.981629
6.89789	1.08712
6.89398	1.18163
6.86817	1.20519
6.75007	1.23622
6.68017	1.08835
6.53218	0.983231
6.27835	0.876503
6.04468	0.771868
5.65654	0.933212
5.29162	1.4464
4.92219	1.91812
4.91462	1.89988
4.92842	1.77487
4.84341	1.83431
4.94679	1.49212
5.32591	0.850921
6.03134	0.579007
6.50908	0.723483
6.64403	1.00149
6.28598	1.23776
5.83128	1.09013
6.2726	1.26813
6.59322	1.30599
6.75336	1.35093
6.69869	1.43359
6.53747	1.40127
6.20505	1.50137
5.46236	1.83646
4.88645	1.63887
4.76977	1.01564
4.91461	0.482819
4.68002	0.165591
4.79367	-0.00788593
4.69976	-0.215159
4.55425	-0.113426
4.28612	0.24984
4.22486	0.525629
4.36616	1.02043
5.34831	2.15146
6.13976	2.01265
6.3614	1.95646
6.51883	2.0388
6.57596	2.04421
6.35812	2.13289
5.76666	2.03205
4.60781	2.01901
4.55836	1.68702
4.38918	1.95433
4.68149	1.80381
4.80309	1.8047
4.92028	1.98329
4.97977	2.12854
5.11536	2.01496
5.15863	1.9346
5.08551	2.15024
5.22353	2.03012
5.31756	2.00724
5.83478	1.60421
6.55739	1.37766
6.58563	1.20463
6.44469	1.13504
6.20127	1.1463
5.66451	1.33851
4.91255	1.7741
4.63045	1.99482
4.41939	2.13384
4.28695	1.98484
4.10871	1.9897
3.89539	1.819
4.04841	1.1585
4.90101	0.150752
4.29548	-0.03848
4.62836	-0.451895
4.8151	-0.529397
4.82269	-0.25613
4.7881	0.126309
4.58381	0.583177
4.57361	1.19489
5.49932	1.73291
6.10324	1.65802
6.34432	1.69157
6.37663	1.82706
6.40325	1.81391
6.33735	1.82167
6.57707	1.5982
6.62075	1.55533
6.60694	1.60145
6.46624	1.8272
6.47657	1.96741
6.60033	1.9002
6.68897	1.80771
6.54327	1.98597
6.21774	2.26164
6.00044	2.19902
5.87479	1.62104
5.76767	0.814796
5.43422	0.0532889
5.08096	-0.484335
4.91618	-0.5784
4.9019	-0.948465
4.86306	-0.647468
4.90087	-0.477323
4.89594	-0.646512
4.8064	-0.637817
4.69242	-0.296114
4.09736	0.418827
4.02348	1.28107
5.76195	1.57463
6.06307	1.84914
5.89875	2.23212
5.99327	2.16837
5.56887	2.16048
5.1841	2.03083
5.06784	2.19848
4.97707	2.19751
4.85248	2.16558
4.67701	2.12012
4.50246	2.03172
4.37022	1.8925
4.07872	1.82829
3.83844	1.71654
3.54689	1.57753
3.38631	1.21962
3.2476	0.975772
4.41572	0.165123
5.70234	0.0585018
5.19916	0.727281
4.9951	0.703209
4.9519	1.10169
5.57846	1.29444
4.74067	0.881479
5.51504	1.31821
6.2933	1.11314
6.42889	1.27741
6.4251	1.40662
6.37283	1.43416
6.30081	1.47325
6.22488	1.39261
6.09384	1.37418
5.92185	1.47134
5.76	1.56968
5.54693	1.64909
5.20128	1.80673
4.33111	2.05517
4.114	1.85945
4.22889	1.73702
4.10532	1.96639
4.18072	1.77552
4.04201	1.93842
4.1529	1.93575
4.51872	1.52597
4.79001	1.12143
4.58987	0.800013
4.57907	0.678588
4.53553	0.757396
4.54661	0.670608
4.62577	0.669907
4.3389	0.711129
4.19143	0.953911
3.93783	1.08673
4.08354	0.671873
4.18426	0.0524761
4.41037	-0.348844
4.48838	-0.405797
4.57473	-0.358464
4.53981	-0.419973
4.44778	-0.248009
4.6229	-0.14472
4.59545	-0.216951
4.66791	-0.149157
4.55248	-0.227818
4.37722	-0.172182
4.34137	-0.138995
4.29851	-0.0485004
4.15934	0.139068
3.71891	0.277469
3.43995	0.41768
3.30921	0.740437
3.32081	0.781498
3.18243	0.855668
3.11363	0.857623
3.1654	0.804317
3.20774	0.787905
3.11018	0.831885
3.1515	0.965912
3.1661	0.854067
3.08582	0.676004
2.97949	0.734635
3.0607	0.749344
2.77058	0.718922
2.79712	0.724097
2.83175	0.501303
3.01004	0.669762
2.88918	0.624847
2.88711	0.483382
2.85028	0.713031
2.82186	0.526057
3.05014	0.775302
3.192	0.360703
3.54378	-0.102347
3.7986	-0.199811
4.06641	-0.23507
4.37948	-0.418307
4.49756	-0.61817
4.49047	-0.544272
4.36797	-0.516566
4.41798	-0.357396
5.33674	0.212892
5.91341	0.437084
5.83009	0.736957
5.97665	0.532464
5.87412	0.4274
5.46114	0.669458
5.01991	0.538779
5.02876	0.372103
4.91739	0.0456153
4.98297	-0.324451
4.94472	-0.475489
5.05503	-0.564574
4.952	-0.640091
4.94733	-0.686818
4.82888	-0.37846
4.99425	-0.247254
4.89903	-0.0549214
4.37948	0.30446
4.52016	0.986119
6.31086	1.36194
6.4712	1.79748
6.72575	1.73728
7.01139	1.58522
7.33042	1.27111
7.36536	1.29722
7.46336	1.20974
7.49643	1.19316
7.3979	1.3021
7.36892	1.34279
7.34478	1.34532
7.32259	1.29275
7.33997	1.21732
7.30727	1.16851
7.18582	1.08407
6.94786	1.02184
6.53727	1.07075
5.73369	1.48886
5.4436	1.61269
5.2344	1.67708
4.99856	1.76454
4.77282	1.88468
4.52796	2.02766
4.35892	2.03684
4.33027	1.8121
4.00777	1.73643
3.82156	1.78757
3.55078	1.45829
4.87924	0.136513
4.58211	-0.0242988
4.61442	-0.866373
4.76723	-1.00787
4.85225	-0.993811
4.8489	-0.88547
4.67213	-0.845982
4.56178	-0.807463
4.17633	-0.365692
3.75328	0.568406
3.69559	1.56822
3.161	0.834869
3.09477	0.736959
3.10513	0.581065
3.05668	0.511505
2.94157	0.594054
2.91015	0.711383
2.87976	0.507583
2.88503	0.534729
3.00056	0.683648
3.18433	1.29637
3.12859	1.03457
3.98822	1.85505
5.04797	2.06982
5.11557	2.0769
5.18321	2.02614
5.07224	2.05077
4.96206	2.11423
4.85774	2.01549
4.90207	1.86967
4.86808	1.91628
4.79342	1.95737
4.73431	2.02593
4.75673	1.90976
4.71952	1.87236
4.5071	2.01843
4.45241	2.10474
4.49911	2.13521
4.61996	1.98859
4.62249	2.04206
4.70118	2.05028
4.95692	1.83311
5.77403	1.65477
6.29611	1.38041
6.43899	1.12194
6.57862	0.994697
6.63386	0.915856
6.71674	0.871977
6.72621	0.840717
6.69914	0.840364
6.65768	0.881852
6.59984	0.963361
6.47507	1.08108
6.22744	1.33345
5.92853	1.54416
5.3969	1.94447
5.12621	1.7334
4.89201	1.66992
4.54161	1.74658
4.36751	1.41167
4.16767	0.792488
4.42468	0.328679
4.63131	-0.144534
4.49523	-0.401584
4.39154	-0.162848
4.26751	-0.320285
4.06837	-0.153903
4.15096	-0.208145
3.96622	-0.233636
3.95962	-0.312964
3.79229	-0.0968281
3.37135	0.623793
2.8609	0.816272
2.87418	0.528823
2.93639	0.557768
2.88634	0.563422
2.94649	0.394329
2.9118	0.471852
2.92351	0.510068
2.78702	0.725572
2.89533	0.449424
3.45234	0.67723
4.10495	0.792875
3.7019	0.419414
3.78829	0.758669
5.3166	0.824059
5.89871	1.3591
5.46791	1.80171
4.99545	1.92373
4.47446	1.93489
4.10446	2.22334
3.99829	2.36204
3.89985	2.06442
3.83195	2.04854
4.03384	1.87107
4.3171	1.63999
4.80166	1.60456
5.28501	1.40546
5.78641	1.29328
6.24919	0.92192
6.43691	0.679808
6.51582	0.475843
6.4621	0.313686
6.0558	0.403855
4.66826	0.640725
3.69355	1.41075
3.66331	1.6088
3.5704	1.57319
3.4996	1.38579
3.65653	1.35859
3.50978	1.51925
3.41341	1.54068
3.33036	1.41242
3.40122	1.3161
4.14529	0.942184
5.28114	0.636521
5.58779	0.493167
5.56508	0.475381
6.1097	0.100104
6.08582	0.224604
6.23532	0.0773616
6.25695	-0.0504174
6.19071	-0.017837
6.1883	0.0203365
6.15291	-0.00803843
6.13696	-0.0632742
6.08356	-0.0806129
6.06667	0.00493922
6.02876	0.0988468
6.07925	0.261066
6.21489	0.373829
6.28837	0.548642
6.28878	0.717629
6.28163	0.919009
6.14925	1.05639
5.89334	1.31793
5.86118	1.39626
5.50906	1.81358
5.43278	1.57327
5.52316	1.47603
5.05472	1.72502
4.73621	1.92821
4.84751	1.64041
4.25281	1.52817
3.80986	1.40949
4.00024	0.715332
4.10755	0.232191
4.19942	-0.030868
4.11745	0.00882593
3.96968	-0.209994
3.94188	-0.271011
3.99652	-0.330052
3.93847	-0.354911
3.87981	-0.368214
4.08872	-0.317873
4.06101	-0.0915695
4.24756	0.302478
3.96742	-0.294539
3.68015	-0.0661809
3.45235	-0.193392
3.36227	-0.315101
3.21681	0.0673015
3.18611	0.341471
3.02558	0.452489
2.99347	0.498982
2.96088	0.778306
2.90146	0.54282
2.98592	0.630253
2.97579	0.513526
2.86089	0.569374
2.94329	0.557593
3.36738	0.45047
3.45903	0.390643
3.76507	-0.0187658
4.20443	-0.0880029
4.48095	-0.01666
5.00949	-0.202115
5.24138	-0.331942
5.08392	-0.174673
4.79006	0.522796
6.9029	0.621177
6.97936	0.913192
6.96414	0.794784
6.98703	0.725063
6.97746	0.645607
6.95618	0.549297
6.83282	0.626979
6.78644	0.667816
6.80768	0.711894
6.92965	0.750867
7.09421	0.758068
7.19079	0.755715
7.16863	0.878132
7.02471	1.04879
6.68493	1.34583
6.28398	1.61789
5.82985	1.92381
5.40233	2.27076
5.30381	2.15964
5.16755	2.24315
5.1588	2.17008
5.05602	2.16561
4.88806	2.19668
5.32508	1.76388
6.23153	1.41727
6.64244	1.51818
6.81836	1.56659
6.48619	1.79825
5.49213	1.87476
5.94156	1.85088
6.38315	1.83872
6.80633	1.63678
6.94446	1.57435
6.97145	1.52802
6.86448	1.60863
6.57969	1.85264
6.11643	2.15672
5.34116	1.99879
5.09655	2.00721
4.88279	1.97288
4.64156	2.08875
4.40859	2.02287
4.19605	1.9505
3.90306	1.94128
4.2715	0.966317
4.95985	0.459632
4.26943	0.000735866
4.50851	-0.245953
4.56152	-0.417965
4.77166	-0.356555
4.65611	-0.101463
4.20442	0.108545
3.87601	0.828984
4.09257	1.02325
5.36632	1.38735
6.43922	1.78304
6.46222	1.86464
6.92945	1.51363
6.93652	1.56133
7.02716	1.47222
7.05779	1.40545
6.99656	1.45643
6.91307	1.49421
6.73144	1.59961
5.86098	1.88333
4.26243	1.90093
3.76769	1.61178
3.49076	1.50273
3.45374	1.25579
3.4328	1.08955
4.16978	0.69125
4.57855	0.66035
6.03691	1.58442
6.51105	1.67362
6.75458	1.53437
6.70829	1.71076
6.87375	1.49498
6.64573	1.70267
6.41504	1.90125
5.90192	1.83977
4.15215	1.91647
3.72172	1.78331
3.77425	1.73546
3.60865	1.71845
4.63649	0.419998
4.53883	0.0936112
4.54731	-0.333619
4.81058	-0.716808
4.8813	-0.213075
5.12109	0.298658
5.08491	0.983738
5.47108	1.49917
5.75735	1.65353
5.98468	1.6173
6.1168	1.53285
6.09751	1.68206
5.77341	1.84221
5.22152	1.58602
5.64694	1.56184
6.06397	1.73875
6.24982	1.85788
6.38624	1.78608
6.43794	1.71469
6.25763	2.0115
6.23783	1.95873
6.17869	1.99671
5.75242	1.92065
5.14682	1.63482
5.02707	1.70975
4.74574	1.86559
4.63944	1.79283
4.30979	1.68396
3.8848	1.69841
3.5289	1.65611
3.39593	1.3812
4.68704	0.36382
5.64172	0.263643
5.05146	0.709885
4.28662	1.15248
4.41654	1.68349
6.10393	1.61254
6.07933	1.73874
6.14364	1.70904
5.87424	1.7896
5.39747	1.77427
4.0591	1.67239
3.50042	1.28537
3.28261	1.39682
3.26147	1.20354
3.20541	0.968042
4.64962	0.384808
5.92933	0.562445
5.71958	0.661789
4.52589	1.23887
6.44353	1.52001
6.41556	1.90194
6.33392	2.05678
6.2824	1.99724
6.09483	1.97885
5.95352	2.14491
5.98173	2.07431
5.89103	2.04173
5.76507	2.04151
5.61633	2.04612
5.64798	1.81018
5.50248	1.7059
5.20884	1.65486
4.47593	1.61398
3.81372	1.67361
4.21147	0.950658
4.12072	0.955409
4.2356	0.71978
5.52236	0.405565
5.60031	0.530369
5.86545	0.665605
5.95944	0.717427
5.75635	0.33021
5.72265	0.289077
5.77691	0.210752
5.6228	0.407218
5.68452	0.2758
5.76697	0.267658
5.83181	0.254757
5.70414	0.478502
5.73205	0.544564
6.00305	0.420293
6.19137	0.444712
6.24431	0.712112
5.43624	1.08454
5.5499	1.21727
5.34941	1.54936
5.33775	1.69141
5.2544	1.57135
5.06426	1.67809
4.65079	1.84642
4.21887	1.99896
4.40113	1.80149
4.202	1.75734
3.77706	1.49371
3.62881	1.52615
3.64841	1.34084
3.4702	1.11541
3.34929	1.00754
3.16324	0.865604
3.05428	0.901721
2.9977	0.864154
2.97376	0.680981
3.00216	0.819468
2.99827	0.649661
3.04141	0.557298
2.86219	0.582295
2.85415	0.502795
2.93955	0.40882
3.06534	0.713868
2.84961	0.522094
3.31297	0.105541
2.80867	0.558462
2.95039	0.611263
2.9438	0.612468
2.9134	0.458815
3.63284	0.0783157
2.98058	0.302899
2.75493	0.392355
2.95567	0.691584
2.8824	0.766815
2.80195	0.825147
2.97965	0.810971
3.71395	0.761595
4.77469	1.2727
5.20421	1.75873
5.74767	1.59172
5.76857	1.8263
6.30606	1.14645
6.6426	1.5721
6.69114	1.95029
6.84203	1.78725
6.85252	1.70901
6.53584	1.89842
6.24633	1.98691
5.83429	1.86851
5.20106	1.77219
4.92799	0.830638
5.06897	0.324451
5.23154	-0.151662
4.94418	-0.399602
4.96885	-0.414103
5.04846	-0.368385
4.98426	-0.265085
4.77877	-0.0653024
5.24403	1.26082
6.30925	1.7446
6.42168	1.88219
6.6205	1.80211
6.52963	2.05424
6.28199	2.36235
6.09216	2.38319
5.89391	1.87509
5.7067	1.7051
5.55432	1.7094
5.67154	1.80404
5.64268	1.88785
4.86499	1.82175
3.5635	1.68431
3.45509	1.47134
3.46284	1.4268
4.2761	0.906047
5.14362	0.312393
4.23484	1.00861
4.70792	1.70918
5.25251	1.83122
5.49391	1.99178
5.54831	2.10302
5.59424	2.00103
5.58947	2.02638
5.60862	1.96493
5.51529	2.20353
5.6238	2.22232
5.8032	2.19567
6.39782	1.69033
6.35629	1.93441
6.33832	2.04726
6.41557	2.0438
6.43887	2.0442
6.18965	2.3949
6.25633	2.02118
6.19172	1.93343
5.95132	1.90657
5.52979	1.92442
5.28198	1.17122
5.06505	0.478508
5.05665	0.124753
4.83438	-0.252388
4.96977	-0.395798
5.13291	-0.335565
4.84036	-0.0683486
4.9414	0.0713084
4.70964	0.304007
4.99918	1.43237
5.14855	1.91679
5.37864	1.74866
5.4909	1.82138
5.46327	2.07731
5.25618	2.04165
5.13673	1.33596
4.98595	1.02601
4.98779	1.1592
4.68336	1.03719
3.45738	1.16116
3.16835	1.09646
3.06081	0.950609
3.10087	0.731331
3.03411	0.880645
3.11026	0.811382
3.16984	0.63066
4.8314	0.792416
5.05593	0.726383
4.9752	1.15921
6.15165	1.61729
6.35749	1.52687
6.36056	1.55757
6.36545	1.50846
6.32825	1.46522
6.24605	1.33656
5.90829	1.22763
5.13185	1.1327
4.38608	0.916693
4.4873	0.395199
3.7118	0.712815
3.20261	1.05401
3.85556	0.517056
4.27502	0.18926
3.91911	-0.323414
4.12529	-0.234297
4.26774	-0.580363
4.8384	0.598241
5.68984	1.4272
5.76565	1.52019
5.93838	1.54591
6.08296	1.56854
6.09698	1.79837
6.17372	1.82803
6.25833	1.80671
6.18198	1.89568
6.09179	1.8107
5.31611	1.77895
3.73086	1.75336
3.48707	1.5021
3.49611	1.37616
3.25633	1.07658
3.21376	0.95102
3.17909	0.87837
3.56962	1.02645
3.86451	1.18766
3.93665	0.961849
4.14399	1.36033
5.31198	1.90905
4.77502	1.87485
4.0269	1.73944
4.91465	1.93217
5.78056	1.71024
6.20932	1.60357
6.31435	1.43621
6.23314	1.55671
6.19106	1.54214
6.25885	1.43936
6.13076	1.6198
6.13882	1.55486
5.98633	1.60839
5.81581	1.67548
5.23972	1.93137
4.71464	1.88375
4.54448	1.93483
4.561	1.85187
4.53638	1.81834
4.57822	1.89906
4.45851	2.01323
4.78159	1.64536
5.09861	1.12527
5.14324	0.774681
5.06851	0.68704
4.92738	0.737428
4.80859	0.801919
4.61836	0.925587
4.6405	0.763121
4.61028	0.721374
4.50762	0.797698
3.91147	1.18983
3.86863	0.812263
4.03224	0.397419
4.21486	-0.237785
4.18461	-0.724236
4.2197	-0.657512
4.01519	-0.916969
4.16914	-0.911601
4.28224	-0.873991
4.29039	-0.814603
4.24881	-0.715802
4.29563	-0.831955
4.25995	-0.720565
4.23741	-0.736969
4.18361	-0.594803
4.48578	-0.319637
3.97183	-0.570983
3.81752	-0.294307
3.49295	-0.104962
3.53804	-0.365351
3.42088	-0.088186
3.33609	0.251752
3.22995	0.223911
3.08987	0.392817
3.00907	0.540047
3.05094	0.528268
3.03531	0.532648
2.90496	0.568772
2.86787	0.57331
6.26084	1.42811
6.33029	2.1148
5.8897	2.30913
5.23838	2.37512
5.05344	2.14193
4.90244	2.20345
4.83297	2.10582
4.56869	2.10867
4.27659	2.03517
3.78594	1.94196
3.61288	1.45521
6.228	0.354777
5.85715	0.774734
5.96568	2.2445
5.71055	1.85486
5.6388	1.6159
6.18374	2.13906
6.37503	2.28247
6.43802	2.3199
6.56189	2.09012
6.35511	2.39469
6.29803	2.27406
6.0446	2.23994
5.63451	2.3553
5.1986	2.16724
4.9052	2.07022
5.10916	1.88265
5.26998	1.71573
5.36251	1.69555
5.59031	1.88209
5.81395	2.11761
6.1082	1.98533
6.11721	2.08548
6.21555	1.91
6.15988	1.91119
6.16389	1.85101
6.13226	1.80063
6.04241	1.82708
6.05598	1.73493
5.97985	1.73754
5.89046	1.77881
5.97504	1.70927
6.06714	1.63408
6.08099	1.62086
6.03662	1.62516
5.85555	1.58923
5.79493	1.66052
5.97163	1.59512
6.09703	1.67734
6.22566	1.78241
6.36061	1.77269
6.31539	1.93481
6.38804	1.95034
6.36739	2.03347
6.39791	2.01809
6.35381	2.04357
6.30138	1.96546
5.64762	2.40998
5.26349	1.85273
5.16179	1.98355
5.25083	1.77146
5.14711	1.9166
5.00165	1.88759
4.87479	1.92494
4.71322	1.8952
4.48495	1.88994
4.18239	1.87823
3.84021	1.80975
4.50435	1.00955
5.38668	0.686922
5.09165	1.27378
5.69864	1.93557
6.18062	1.72506
5.3616	0.748744
4.8729	-0.401223
5.3865	-0.070996
5.92865	1.32241
6.2329	1.92503
6.35059	2.04138
6.45801	1.93355
6.30488	2.16972
6.22073	2.30776
6.08079	2.31553
5.55752	2.34294
5.03341	2.14565
5.19817	1.89737
5.13732	2.02274
5.26757	1.93272
5.33724	2.21316
6.00535	2.09996
6.24825	2.29236
6.29001	2.23484
6.34005	1.94211
6.06133	1.85986
5.37306	1.95354
4.57093	1.96257
3.91874	2.00624
3.607	1.5418
3.46362	1.20912
3.40253	1.07272
5.05352	0.369547
5.82949	0.442808
4.71499	0.341112
5.17836	1.3056
6.30515	1.28657
6.18674	1.47439
6.11784	1.70274
5.53115	1.86001
4.39915	1.41268
3.60748	1.63933
3.54762	1.66837
3.52964	1.63431
3.48962	1.516
3.36844	1.55582
3.39787	1.64558
3.59895	1.4206
3.6163	1.40841
4.26102	0.631255
5.04174	-0.0510481
4.75729	0.214817
5.26314	0.0629496
4.74615	-0.465277
4.6184	-0.0628735
4.53732	0.451374
5.03343	1.51672
6.10352	1.51501
6.10021	1.7035
6.04845	1.85414
5.13368	1.99482
5.14333	2.07022
4.91958	1.98481
5.24937	2.03823
4.63176	2.1478
4.45789	2.29681
4.37605	2.10482
4.47357	2.30605
4.27421	2.08722
4.06985	1.95518
3.58162	1.73887
3.22772	1.37319
3.19021	0.825646
3.13788	0.607547
3.08118	0.598184
2.9405	0.655623
2.98872	0.655154
3.11607	0.620687
2.95852	0.733781
3.04182	0.604151
3.14695	0.545811
5.35617	0.930651
4.66254	1.01235
4.46121	0.848304
4	0.827104
3.77926	0.48799
3.62156	0.821395
3.4678	1.04196
3.24149	0.830259
3.14768	0.681427
3.27685	0.734366
3.0329	0.697561
3.0159	0.394457
3.06768	0.764431
2.95416	0.332561
2.96459	0.643561
3.04397	0.704226
2.63748	0.322941
2.95591	0.436056
2.79399	0.395981
2.87736	0.436806
2.95952	0.531414
2.93016	0.46187
2.94291	0.696774
2.95636	0.714806
3.46028	0.974372
5.42047	1.46432
6.54578	1.28169
6.45097	1.87709
6.57303	2.01897
6.72954	1.96814
6.85573	1.9284
6.97415	1.70294
6.92757	1.6821
6.79234	1.69765
6.58228	1.69388
6.23791	1.80604
6.03382	1.73111
5.78933	1.72218
5.60064	1.58167
5.38762	1.6273
5.27671	1.57084
5.26803	1.51917
5.20657	1.34819
5.29218	1.13399
5.29793	1.07567
5.34886	1.03052
5.5786	0.939858
5.93865	0.895906
6.32843	0.77596
6.60199	0.546816
6.73219	0.325741
6.80938	0.140782
6.81385	0.0746048
6.79777	0.110905
6.7853	0.243901
6.77259	0.403989
6.74086	0.62285
6.66427	0.935806
6.37482	1.32424
5.79748	1.61299
5.33186	1.56662
4.89718	1.67865
4.94657	1.57978
5.02162	1.92695
4.57491	1.90498
4.60799	1.85525
4.69158	1.7475
4.81151	1.77693
4.8194	2.02834
4.97858	1.96363
5.86289	1.67985
6.00978	2.09524
6.30184	1.95684
6.38273	1.91965
6.3787	1.9075
6.44992	1.77344
6.4703	1.7433
6.53489	1.62338
6.55309	1.57866
6.45977	1.60627
6.33649	1.61873
6.11504	1.60323
5.82297	1.47193
5.50409	1.18065
4.96261	1.06862
4.82537	-0.104005
4.77611	-0.49931
4.74413	-0.670648
4.76244	-0.986568
4.96406	-0.908978
4.92964	-0.467882
4.93868	-0.665717
4.93607	-0.315265
4.37193	0.0407906
3.89094	0.728395
4.26508	1.66345
5.00379	2.02978
4.86517	1.94024
4.84387	2.05547
4.89887	2.0063
4.89931	1.86415
4.75413	1.95326
4.62656	1.98265
4.31473	1.93062
3.78403	1.79193
3.3847	1.35932
3.15425	1.09072
3.62434	0.83231
5.14713	0.662573
4.16399	0.993316
5.46841	2.16042
6.04831	1.76629
6.1072	1.75593
6.0033	1.75435
5.58933	1.85442
5.0311	1.69964
4.7763	0.914429
4.73897	0.190898
4.65023	0.0342405
4.6076	-0.0333499
4.67153	0.0283115
4.45486	-0.025713
4.50372	0.237151
4.2192	0.412419
4.04017	1.0596
5.43005	1.77405
5.79081	2.25334
5.80918	2.09751
5.64544	2.15399
5.23506	1.904
4.40927	1.79311
3.58365	1.48245
3.30911	1.35823
3.22501	1.12335
3.09988	0.737123
2.95865	0.986009
3.03852	0.837719
3.55531	0.811417
4.21476	1.11929
3.32448	0.937235
5.27099	1.09306
6.45467	1.12085
6.2468	1.50534
6.28797	1.37093
5.69457	1.61682
4.83646	2.01406
4.83441	2.12122
4.9223	1.98004
4.77086	2.079
4.76397	2.04296
4.74461	2.00107
4.64504	2.0001
4.4312	2.0148
4.6352	1.55
4.59146	1.2028
4.26357	0.869672
4.01575	0.612963
4.27939	0.392371
4.0462	0.076267
3.98037	-0.0223884
3.76552	-0.186083
3.53326	0.116664
3.31958	0.449125
3.49855	0.993529
4.37356	1.98539
4.71832	2.16409
4.94954	2.33134
5.14533	2.32397
5.33705	2.26912
5.5692	2.12689
5.5357	2.12224
5.30755	2.11915
4.90228	2.21591
4.50566	1.71099
4.43489	0.973157
4.68557	0.211223
4.91565	-0.668481
4.99785	-1.07404
5.07013	-1.09578
5.24833	-1.25089
5.32843	-1.22072
4.97102	-1.13408
4.99706	-0.996774
4.83381	-0.675563
4.2651	-0.292347
3.85421	0.634498
4.36898	1.65389
4.89518	1.63578
5.03029	1.4865
5.10556	1.52888
5.23708	1.4403
5.17819	1.57982
4.94353	1.77811
4.73361	2.00011
4.91231	1.92978
5.0311	2.15296
5.30194	2.19643
5.60914	2.09705
5.87726	1.83967
6.01934	1.76144
6.02458	1.77567
6.08557	1.73431
6.05045	1.82656
5.94476	1.94708
5.91898	1.90808
5.90459	1.86398
5.94902	1.97387
5.71408	1.81757
5.433	1.82064
4.65452	1.93461
4.96634	1.6934
4.54838	1.70319
4.45228	1.63092
4.37732	1.79263
4.26561	1.80463
4.36479	1.71279
4.32664	1.52766
3.97841	1.54956
3.78214	1.36559
3.68949	1.39073
3.59662	1.18296
2.44788	0.0564513
2.85435	0.307577
2.90067	0.581483
2.80398	0.446642
3.53736	1.40069
4.38727	1.91774
5.00798	2.16249
5.07833	2.08702
5.32072	2.08621
5.46065	2.0455
5.58183	1.71213
5.13458	1.81014
5.17309	1.76184
5.36206	1.6844
5.93059	1.04228
5.83406	1.40973
6.26045	1.84156
6.4512	2.00074
6.62991	2.00279
6.65811	2.07121
6.64444	1.78852
6.55697	1.40942
6.23077	1.91544
5.79398	2.12615
5.46507	1.84766
4.94215	1.61885
4.10745	1.57769
3.95258	1.2319
3.7607	0.73362
4.00211	0.298772
5.28529	0.375797
5.93643	0.581079
6.13747	0.904242
6.22948	1.06906
6.39983	1.42105
6.55859	1.64497
6.69561	1.59467
6.5683	1.60385
6.12257	1.64756
5.36656	1.69106
5.2115	0.400976
5.0566	-0.197194
5.1756	-0.474359
5.20944	-0.352415
5.23955	-0.367968
5.20309	0.31833
5.19691	1.3517
5.24294	1.60131
4.79597	1.80862
4.37368	1.76571
3.90072	1.70487
3.71778	1.63634
3.53381	1.54923
3.54466	1.43535
5.00112	1.25951
5.74571	1.65278
6.20716	1.98045
6.36253	1.97283
6.56428	1.90617
6.60058	1.8893
6.29016	2.01114
5.59883	1.81968
5.70153	1.78243
5.79967	2.25878
5.20056	2.41758
3.91062	2.12572
3.66233	1.76822
3.48513	1.54175
3.40287	1.46631
3.42099	1.0122
3.24231	0.960819
3.43057	0.924283
3.29236	1.19323
3.52937	1.42916
4.0673	1.73911
4.50664	2.01847
5.11572	1.91054
5.38096	2.00426
5.5827	1.86041
5.01444	1.46293
3.85173	1.48631
3.43385	1.52746
3.39418	1.10489
5.26703	0.45012
5.40293	0.275763
5.24031	0.136786
4.40477	0.703274
4.00406	1.24017
6.16388	1.77704
6.3455	1.86019
6.60849	1.565
6.42181	1.74317
6.37801	1.64476
6.08992	1.77009
5.71527	1.88988
5.19471	2.01558
4.97228	1.92047
4.85127	1.79329
4.57649	1.94907
4.38084	1.83967
3.85797	1.75343
4.52302	0.645275
4.75256	0.166063
4.4743	-0.0193602
4.73844	-0.0445636
4.84012	-0.376738
4.86943	-0.162867
4.76801	0.723776
5.61132	1.51904
5.96468	1.53923
6.20221	1.49495
6.31534	1.54888
6.22262	1.89427
6.23952	1.98771
6.17785	2.12653
6.26982	1.96406
6.39357	1.84242
6.45934	1.87225
6.66561	1.68969
6.75273	1.56619
6.85401	1.30849
6.82658	1.14354
6.7224	0.859262
6.58145	0.586494
6.21259	0.534188
5.69283	0.826417
4.83922	1.95533
4.77014	2.03232
4.68409	1.92691
4.59218	1.94411
4.22413	1.9082
3.68238	1.60885
3.37073	1.42999
3.31013	1.21757
3.28198	0.967514
5.24935	0.171577
5.61595	0.326197
5.56699	1.36761
6.70951	1.54552
6.62079	1.64932
6.65793	1.66882
6.58007	1.85254
6.45106	2.05626
6.22189	2.0478
5.49416	1.4785
5.91602	1.7011
6.17891	1.97593
5.91007	2.14216
5.29988	2.18512
4.60167	2.17404
4.51758	2.08914
4.56632	1.98448
4.86995	1.93913
5.32815	1.81676
5.78373	1.8136
5.9995	1.95921
6.13324	1.99701
6.33708	1.84647
6.40551	1.72241
6.36762	1.7838
6.24571	1.81718
5.72122	2.11592
5.09188	2.00807
4.92727	1.83307
4.87178	1.95037
4.89373	1.83507
4.89866	1.73174
5.37037	1.09752
5.45084	0.919807
5.57624	0.618467
5.73883	0.439136
5.84724	0.302358
6.09708	0.196592
6.28669	0.240499
6.49649	0.415095
6.59401	0.774429
6.69541	1.00367
6.6796	1.346
6.73313	1.53631
6.81739	1.57941
6.7004	1.82123
6.31833	2.0645
6.2789	1.8054
6.28958	1.76218
6.62907	1.23397
6.41199	1.72496
6.7039	1.47619
6.96118	1.40754
6.93763	1.3737
6.71277	1.5011
6.46394	1.53616
6.12927	1.6617
5.77861	1.70288
5.43653	1.80733
5.20936	1.89192
5.11904	1.86064
4.97909	1.97968
4.99629	2.01792
4.86045	1.76618
4.7595	1.86441
4.73748	1.73395
4.70869	1.70719
4.57771	1.79054
4.62739	1.59034
4.83277	1.11985
5.16036	0.606489
5.34554	0.445398
5.64142	0.301508
5.93326	0.250346
6.23405	0.337543
6.38262	0.515461
6.42313	0.703865
6.27858	0.986487
5.9556	1.35717
5.49461	1.64632
4.98767	1.55357
4.6581	0.992304
4.62244	0.243812
5.21499	-0.472962
5.15089	-0.609781
5.12896	-0.527081
5.03339	-0.696827
5.07412	-0.504671
4.87355	-0.413723
4.86596	-0.320281
4.84498	0.189756
4.62004	0.398042
4.20662	0.667157
3.9305	1.15143
4.34344	1.75174
4.9499	1.6689
4.64892	1.51989
4.54015	1.52714
4.34967	1.57853
4.42065	1.64406
4.27981	1.53917
4.59829	1.38211
5.22464	0.978495
5.53329	0.910264
5.74893	0.743301
5.95398	0.435264
6.13991	0.336748
6.2939	0.372181
6.40119	0.452157
6.51582	0.667643
6.39979	0.99963
6.49851	1.09409
6.35928	1.27271
6.21718	1.3769
6.1126	1.21379
5.82648	1.33952
4.51851	1.38663
3.63154	1.20094
3.40039	0.96705
3.3287	0.880841
3.74674	0.447528
5.27784	-0.187576
4.75749	0.604364
4.14363	0.423609
4.0522	0.340874
3.98227	0.486351
5.08797	0.922215
5.6019	0.608861
5.5487	0.692854
5.21906	0.613471
4.5717	0.723705
5.07845	0.898575
3.92404	0.312686
3.76974	0.509894
3.62775	0.35576
3.7872	0.576783
3.89071	0.596952
3.9677	1.09872
4.05572	1.10678
4.17577	0.778852
4.17547	1.03265
4.278	1.5353
4.34235	1.81783
4.35176	1.81902
4.28169	1.96676
4.16387	1.73414
4.02028	1.85188
3.88403	1.67008
3.70195	1.54909
3.62259	1.26228
3.49937	1.27949
3.52948	1.20626
3.45107	1.14844
3.18722	1.04776
3.00152	0.820586
3.04312	0.542568
3.05075	0.639718
2.87092	0.718633
3.07266	0.656174
2.81108	0.580414
