-27.3325	-7.00475
-18.845	6.91578
9.05192	-4.83281
-3.6064	-2.90301
-0.398137	-5.05172
5.60814	2.82768
-0.754823	4.77998
-2.9866	-4.76545
-4.76244	-2.51201
1.34155	11.2402
3.77524	-6.64733
-8.99463	2.4078
6.10625	0.0441953
-3.62117	-9.81209
3.03867	3.10833
0.727864	-0.308696
1.18144	-2.2803
-1.06169	-0.366794
-0.420696	0.706266
0.705957	-12.2042
-12.1144	-23.1781
-20.9343	-20.3326
-12.5006	-26.5434
-23.5273	-9.74227
-9.35775	-37.9053
-34.088	2.43662
6.9077	-18.3895
-13.8838	-2.39192
-3.46623	-8.75115
-3.12518	-11.4534
-10.87	10.5452
12.1438	-16.1996
-18.9827	-10.573
-8.81866	-3.10503
-5.40046	-5.22881
-11.8944	0.839443
1.33774	-1.59759
-2.70114	-0.296488
0.697059	0.354516
0.191296	-24.6772
-24.7849	-22.6612
-20.0793	-14.5163
-13.2431	-34.1212
-34.7712	2.7471
-0.667257	-3.29575
4.51716	-10.2133
-7.99573	-7.93037
-6.36165	-9.28346
-12.145	-8.86969
-10.0907	-13.7183
-10.0794	-4.08262
-6.61762	-6.41157
-8.04104	-6.49482
-6.32358	-6.65785
-5.19314	0.48794
1.87086	-1.29592
-2.13141	-0.331855
-2.74197	4.86233
5.07179	1.34443
0.809565	-13.3289
-12.5153	-12.0055
-13.5518	-11.4361
-8.77647	-34.6767
-34.3169	-1.18568
-9.40904	-19.914
-1.31913	-6.66958
-10.7938	-20.67
-17.2085	-2.81573
-1.43277	-7.12401
-5.66122	-7.37993
-5.38393	6.68893
1.75419	-8.65289
-2.1244	5.03034
3.01388	-13.7783
-11.0416	-3.7637
-3.31509	-7.04146
-7.55451	3.65857
3.58376	-1.97565
-0.671305	-2.97307
-0.887047	-18.0428
-19.2496	-11.7758
-13.5277	-20.2588
-16.676	-32.2005
-34.6435	1.22906
-2.68824	-9.27055
-17.1425	-6.31911
3.26388	-9.54984
-12.6988	-2.90173
-5.3032	-6.43478
-12.5214	4.07647
-3.02047	2.2835
9.26162	0.435636
-1.81864	-6.60255
0.633487	-8.25286
-1.26629	3.69037
-0.45785	-5.51869
0.961644	2.29883
-5.97279	-2.13177
3.43748	1.68972
1.24347	-23.3857
-12.4743	-17.7869
-20.3298	-8.63424
-6.93747	-30.352
-27.7069	-10.3566
-9.16854	-6.46504
-10.2209	-15.1237
-8.46434	-7.92244
-8.07158	-9.544
-3.49207	-5.53506
-7.57204	-7.98227
-14.5378	6.88851
-2.23446	-3.99184
1.05762	-5.02008
-2.66748	-4.25674
-3.13972	-3.21631
0.569423	-3.1508
-1.55013	-1.65958
0.485149	3.34764
-0.502103	-0.324955
1.3376	-40.4534
-39.8158	1.33857
-6.73217	-12.04
-1.79285	-15.4091
-13.5875	-4.0016
-4.00179	3.55237
7.24458	6.81873
3.7693	12.3357
-3.60665	11.7608
0.599562	-1.00203
3.56106	7.80057
0.865191	-0.153265
3.88496	-9.04753
-0.0286675	-0.185212
-3.315	-1.26512
-8.22055	-1.73853
-3.11213	-4.54772
1.11817	-1.15912
-3.11495	-0.685906
-0.410218	-1.5034
-2.6317	-23.5773
-23.4258	-20.5193
-21.3151	-8.79479
-9.27431	-23.0285
-17.0722	10.4735
6.93542	-3.00179
-4.84361	-17.6641
-16.7822	-6.62097
-9.27535	8.80204
9.01071	0.458344
5.33642	-14.8376
-9.409	1.20623
-0.907437	-2.26939
-6.91963	4.66234
4.91718	0.183892
-3.8325	-1.98524
0.507592	-7.28112
1.01935	0.270809
-0.10186	-1.35399
0.358902	-3.08616
-2.3229	-22.5681
-30.6974	-5.30732
-8.74737	0.21496
0.768277	-16.6136
-18.8951	0.949026
-16.4791	-10.1926
-23.5393	-2.58703
-7.22117	-30.2177
-27.4599	-12.9856
-0.507493	-3.76842
-3.20164	-10.7584
-11.7888	8.87189
-4.76858	-5.48841
-8.95163	6.5266
2.0601	-8.28174
-14.7793	5.09521
5.09465	-3.79284
5.83272	0.945242
1.4496	-2.96811
-3.05716	-1.95485
-0.358125	-17.1039
-17.1525	-18.1739
-16.2637	8.74705
8.80105	-0.934188
0.754682	-11.1817
-8.37359	-14.6739
-5.2313	-2.50031
-5.11718	11.7899
-3.85803	12.7746
6.03527	-4.05655
9.83487	7.73291
-1.7805	-2.48969
-11.809	-2.82717
-4.40153	-3.53111
11.588	0.32963
-1.19707	-3.62807
-24.659	-11.5743
-3.03475	-0.333868
6.07867	-1.0259
-2.69056	0.598837
1.062	0.474026
0.9851	2.34141
2.20837	4.35955
-4.6288	-8.52813
1.34756	-5.96662
-9.269	7.06873
3.12392	2.27084
-2.21251	-4.14916
-2.4505	-1.48517
11.6394	-5.65485
-2.73789	-0.40471
-5.47674	1.5208
-3.11071	0.690148
-2.60463	0.244423
1.52848	0.365085
-0.423739	-22.7468
-23.2773	-27.2958
-26.9713	-13.9044
-11.0323	-24.29
-25.0339	7.30046
5.10787	-4.15261
-6.46157	-12.1947
-7.91808	-3.87096
-2.28748	-12.1275
-11.7789	-16.2116
-15.8479	1.93474
-1.353	-5.46246
-6.40784	1.91816
3.77005	-9.64153
-9.78652	-2.03751
-5.6148	-2.29757
-4.45774	-8.9011
-6.4604	0.772228
0.185307	-0.621062
0.466643	-2.57186
-1.31215	-28.186
-24.5307	-24.3342
-25.3351	-21.4622
-22.9061	-13.4848
-12.5916	-11.9089
-8.65373	-17.1483
-16.6983	12.81
12.7176	-9.60967
-17.6873	-20.2929
6.96012	-5.29775
-7.76708	-10.3789
-4.78308	-4.7427
-16.2926	2.65803
-2.88822	-15.3718
-12.5348	2.92268
5.06829	-2.06962
-2.77339	3.41311
2.38625	-2.60984
-1.8481	3.58289
1.52133	0.109984
-0.501866	-32.0204
-31.9165	-29.5426
-29.9045	-7.502
-6.99979	-14.8245
-15.5686	-7.85692
-5.7227	-10.2695
-9.09559	-6.80818
-0.317169	-26.2737
-25.8271	-5.38663
-7.99267	-0.103062
3.73107	-8.11056
-9.81338	2.22394
1.6879	-2.24542
-3.821	-4.94123
-2.79079	-12.1999
-9.28994	-6.38732
-6.07806	-2.48467
1.83313	-4.3039
0.778581	-0.796777
-2.1169	2.09289
2.40708	-22.2706
-19.6268	-15.3441
-16.4842	-1.80679
-4.05322	-33.0706
-34.6158	-0.632248
-4.41894	-22.1237
-22.1152	10.0741
-2.92127	-4.4881
-3.79436	-0.115365
2.41845	-4.10799
9.56661	3.03082
14.2649	11.615
6.77015	3.37326
3.00431	-1.24038
-3.18779	4.60578
2.45132	-7.25268
-2.91906	-0.872183
-0.825497	0.0927983
-0.768638	-1.37323
1.23702	-2.91788
-1.10704	-12.9615
-15.1111	-12.6325
-13.8439	-5.34637
-2.41103	-26.1142
-16.7496	1.26845
-0.189665	-6.02155
4.18697	-18.4945
-1.43547	-21.7981
-22.6918	-5.68943
-7.45969	-5.87762
-5.47958	-14.6052
-15.0796	5.5884
3.0104	-1.93984
-0.203975	-7.4176
-5.33898	-5.13427
-9.80407	-3.01557
0.785041	-3.7438
-4.49727	3.46808
0.118735	3.3463
0.0986653	-0.831195
-1.48291	-17.3844
-17.8585	-25.1905
-17.3741	-17.8625
-13.0661	-23.2959
-14.0162	-6.89497
-2.98503	16.9357
14.0136	-1.40278
3.00457	-5.58239
-16.3729	1.84396
-8.49827	-1.03343
-1.77801	17.3201
16.0825	3.34226
-4.64312	1.02204
4.63889	12.633
2.61522	-1.50263
-2.85811	-10.0443
-9.84664	0.236976
-1.41717	-2.79007
-1.26491	2.67607
2.22652	-2.03198
-0.23985	-26.1238
-35.2792	-4.91711
-9.23763	-6.73329
-3.3807	-7.43997
-16.8707	-12.2158
-3.93339	6.0635
2.07218	2.94542
13.8735	1.334
-2.2931	-3.01768
10.3996	13.9141
-5.11733	-2.3826
-8.15731	-0.448547
5.74793	-2.81956
-0.19683	-9.64965
-8.8544	-5.97175
-7.86658	-3.34105
-7.62456	-3.50014
-1.45952	-0.477624
-4.67174	-0.0718855
-0.929284	1.49538
2.43491	-15.8712
-17.578	-4.02096
-12.7215	-8.43344
-8.74414	-24.7758
-29.2774	1.92544
-1.53739	-20.8457
-21.678	5.08638
2.04501	-4.31037
-4.37391	-13.0841
-11.7548	-12.3199
-7.26651	-2.87673
0.441	-0.695546
5.17139	2.72491
2.3735	2.06477
11.0748	9.6503
-1.06224	-0.736304
3.18199	-4.23443
1.20644	2.71789
-0.974052	-0.949438
-1.67635	-1.86357
-0.813257	-14.543
-14.3766	-21.4783
-15.1251	-6.05318
-9.90717	-22.8033
-18.3405	-21.033
-15.9465	-1.95237
-1.60412	1.31636
3.23341	-0.0977325
3.00384	-9.50877
2.22493	5.25438
-1.20344	4.4223
4.85992	2.00663
9.72664	-2.73023
-8.58169	1.54333
1.00332	-5.84105
-1.29683	-0.547016
-1.65534	-5.73772
-7.39454	-2.51626
-2.00368	0.0577121
0.251577	-1.38734
-1.16722	-21.2927
-18.8981	-29.0043
-15.6017	-3.57514
-4.31545	-32.8562
-30.8785	-8.75021
-16.8686	-12.135
-4.44814	-5.42606
-9.77355	-12.7814
-18.7304	-15.1752
3.45887	2.55659
-3.0614	3.81242
10.1052	11.4724
6.70147	13.5766
14.7264	7.04808
8.41567	-3.80034
-29.3928	-7.64039
-13.0452	11.3702
10.3371	-9.52366
-6.87171	2.89494
-1.4984	-1.38981
6.06684	3.37557
3.13238	-0.885903
1.32213	-4.79597
-10.4435	-4.67746
15.8771	19.3222
-3.90659	-3.29676
-4.87938	-8.51378
-13.5003	3.11533
-2.33936	-12.0814
-8.93606	-2.23121
-5.34615	0.960763
5.53427	-0.432182
-4.18515	0.147984
-1.4656	-0.694664
0.0211542	-32.3849
-36.9096	-12.3344
-10.4484	-5.42503
-6.07946	-16.325
-4.8158	0.222775
-13.8006	-0.303649
2.40279	3.83764
6.80425	-6.28465
-12.2364	-1.00901
6.33231	-6.84389
-2.15393	-14.5176
-8.38847	10.6695
-5.10446	-7.5434
-9.57077	-7.67507
-4.39625	1.74667
1.16201	3.02006
1.65099	2.27549
-0.232641	1.78158
0.490324	1.22823
0.870437	1.94903
-0.0509315	-37.5436
-36.8045	-7.3343
-7.1979	-6.6319
-2.44109	-9.5976
-27.4811	-13.6727
-13.6916	-5.70471
-6.33905	-8.81496
-7.67558	-13.4438
-18.4171	2.81761
0.228148	1.26143
-2.01006	-10.9685
-14.8272	7.83723
6.19207	-5.89016
-4.08018	-4.02676
-2.39479	-11.2122
-8.62454	-2.78195
-2.30407	-1.67321
-3.00979	-1.17239
-3.04582	0.0630925
0.390906	0.14493
0.794247	-16.542
-12.7037	-24.3038
-20.4599	-8.57742
-0.879371	-16.0899
-11.5724	-18.0037
-2.75475	0.108513
-6.19692	-9.29879
-23.652	-7.40198
-7.73206	-11.2688
-13.3725	6.01104
0.814177	-14.3864
-15.6301	21.1297
19.6327	-3.35587
-0.765043	-4.01995
-3.88395	-4.5509
-0.891069	-7.79501
-2.94362	-0.421186
3.18209	-3.15168
-2.51707	0.969377
1.40255	-0.699903
-0.777948	-40.0965
-40.0243	-14.3108
-14.5595	-4.52406
-5.99181	-27.7761
-21.2562	3.441
-0.487457	-13.5072
-10.7408	-1.35398
-6.52971	-0.248275
3.15411	-13.6426
-12.4631	-10.5158
-12.5684	-4.49075
-10.9424	4.79946
3.67278	-0.29695
-0.39314	-1.13768
3.13358	-3.95859
-0.986497	-0.687217
-1.32761	-0.274744
0.335962	-3.59407
-4.39699	2.79861
1.88226	-2.2804
-0.797436	-16.0965
-18.4013	-21.8215
-17.5198	-0.663239
-1.96114	-26.8024
-13.1158	-1.48066
-5.50274	-11.6098
-7.41699	-8.02793
-3.15202	-23.2865
-22.2026	-1.89813
-0.702181	2.65759
2.25265	-5.25568
-1.47866	7.59551
8.59868	-9.94954
-7.13313	-0.198539
3.67617	-10.1974
-9.23673	-1.94091
-2.28838	-11.1092
-7.71656	0.208527
-1.33135	-3.87759
-2.96726	-2.32165
-1.05743	-17.5536
-17.287	-0.979467
-0.578021	-9.43719
-10.4407	-33.8292
-32.5792	-6.07196
-12.3674	-4.25841
4.23514	1.12888
2.09261	-15.5521
-13.0412	11.1937
-2.58277	-21.9989
-13.3883	5.56005
7.70353	-5.13389
6.51938	4.07634
14.5801	-0.758851
-14.3991	6.54527
-3.11459	-3.60282
2.11186	-0.630064
-4.39198	-3.10721
-3.90949	-0.450058
2.5608	-3.34342
-0.504071	-24.7802
-19.2117	-18.6172
-28.7135	-1.89743
-2.45688	-7.94403
-9.90249	-6.77727
-8.1586	-11.5925
-15.43	-6.98682
-4.78548	-21.0892
-19.9365	-3.04692
-5.50454	-3.25368
-1.98188	-7.81495
-9.82803	-8.97841
-9.96536	-0.742165
-2.72126	2.28157
6.89964	-1.75824
4.17078	2.08311
6.89664	2.89619
5.66071	2.63057
0.0889743	-0.652358
-1.84381	-0.107701
-3.2359	-25.8808
-27.5797	-11.5125
-11.6187	9.63779
4.75732	-2.93958
-9.34048	-3.50946
2.22553	-4.65844
-3.052	-6.97525
-25.4437	-12.6173
-16.2766	10.0045
4.16345	-5.42301
-0.140685	2.84642
3.24698	1.07716
3.83116	-9.64901
9.26241	7.15144
-1.8051	1.30507
-7.85493	-0.786997
-12.9133	0.25046
-4.22522	-9.51014
-3.04738	-16.0955
-7.10787	3.05545
-8.76723	-8.47719
-7.62171	-6.02702
-3.45166	1.69903
-5.17315	2.64031
-6.40858	1.63197
0.916477	-1.93339
1.68044	-17.379
-16.5676	0.9635
0.134151	-15.0315
-11.0256	-28.8142
-16.9251	-10.7965
-0.876939	-12.4573
-12.0711	-2.17285
-1.56497	3.75735
0.597314	-3.24353
-11.337	-2.52167
4.60859	-3.46417
1.15646	-11.1587
10.9602	-0.770704
3.05891	2.21586
1.22962	-13.0267
-6.06147	1.78721
-4.28078	1.05461
2.20574	-1.85808
-1.96209	1.49026
1.77922	-0.713877
-0.623386	-22.712
-21.745	-19.3327
-18.5001	-11.1869
-9.49201	-30.5068
-32.8357	-8.86377
-8.5247	-21.5935
-25.0567	-6.58107
-1.55047	-6.74335
-5.54862	-16.4129
-14.01	8.41281
4.50115	-13.6145
-19.2251	9.96534
7.96137	-10.6929
-8.41763	-18.18
-15.5229	-9.32548
-6.52794	-2.74796
0.843816	-5.88556
-0.711677	2.66136
3.08948	0.732734
3.49376	1.51125
-1.01768	-25.0886
-27.0993	-0.019189
-11.9782	-16.4558
-14.0703	-22.5009
-26.573	2.9458
3.51252	-2.2912
-8.21915	-13.4232
-12.4943	-17.7118
-15.1187	-1.30176
-4.19102	3.8
2.83074	-20.566
-21.7897	-0.363637
-6.86613	-8.25104
-4.29917	-8.61451
1.65968	-1.29721
-1.17067	-3.96879
4.22174	-4.30687
1.88789	0.971541
1.16327	3.18984
1.53225	-0.917148
0.551859	-27.9504
-30.6067	-6.47816
-3.91253	-22.8207
-15.5919	-39.5193
-44.0393	-4.62269
-15.7777	-4.49406
-11.513	-2.72092
6.79778	-10.0539
3.85192	-16.249
-7.44149	0.960708
-3.40715	-1.01883
-3.30431	-1.59163
0.0729221	-3.83316
-7.13392	-10.2685
-12.4013	-2.73364
-6.53275	-7.88487
-9.29236	-2.33033
-4.89172	-4.90418
-3.52347	-0.0137115
0.901389	-1.2023
-1.51499	-14.287
-15.5774	-17.9854
-17.7615	-3.05794
-2.41979	-23.7627
-19.8978	-1.21379
3.54058	-24.0734
-28.4757	2.30462
-3.34656	-3.44303
-4.22173	-10.2595
-16.5542	-3.05107
-1.64032	-11.1502
-10.1337	7.85783
7.75084	-4.73278
1.09837	-12.6208
-2.18262	-10.8016
-5.54923	0.743817
-5.16421	-2.37546
-4.33666	-6.81295
-5.13304	-0.839148
-0.160376	-3.45215
-1.62812	-15.634
-20.2495	-6.79992
-12.8684	6.23106
7.11839	-16.3625
-11.3192	-20.8229
-4.24242	-1.16993
-10.9458	2.09872
-7.73862	-13.0659
-6.33889	-14.267
-13.0229	-11.1407
-6.99525	-3.81371
-2.94563	1.53949
-0.0363549	1.12669
-0.0107656	-1.42995
-2.08763	1.57522
-2.77545	-3.57001
-4.29939	-0.37074
-6.7995	-2.20757
2.33294	1.67808
2.36667	-0.0494931
-0.506946	-27.1087
-26.0809	-13.1829
-19.9569	-5.16025
-6.14162	-17.7271
-12.4413	7.69702
-9.21427	-3.62194
5.54582	-10.009
-7.11171	-21.078
-23.0276	-5.57098
-5.07173	-5.07134
-9.44547	-12.1049
-19.0382	9.12224
9.04903	-4.32822
3.06039	-10.635
-0.25737	-3.54406
-1.73489	1.31706
-2.89251	-5.94878
2.40201	-1.25815
-0.155698	2.3846
2.07259	-0.301753
-1.43196	-33.796
-36.0522	-8.63109
-2.90102	-7.40688
-6.47407	-5.09703
-12.2983	-3.95193
-9.90542	-6.34364
-13.4037	4.76658
-0.418397	-23.5627
-10.5098	-12.1994
-22.8504	-11.1907
-6.33811	-6.65755
-1.77018	-1.8844
2.87917	-4.15996
-0.306453	-9.77081
-8.37817	0.843729
1.51119	-6.21307
-5.64178	-4.73878
-3.40405	-5.25883
-4.77232	-0.208499
-0.536605	-2.18594
-2.30067	-14.7723
-17.1248	-33.1661
-34.1724	-10.9048
-6.34836	-2.39481
-4.34852	-3.67391
0.549946	-17.0014
-11.575	-6.37622
-3.79057	-19.1064
-15.7522	0.908769
1.60254	-0.223559
-0.362312	-19.2742
-12.781	7.09522
8.4882	-5.46393
-6.22942	4.3256
-7.47737	-2.02579
-12.9817	0.291746
0.228575	-2.79366
2.33993	-3.33353
-0.501897	-1.66104
-3.92869	-3.16508
0.656263	-25.833
-30.0605	-16.3435
-15.6742	-1.84044
2.88517	0.115598
-3.55302	-4.11449
4.30093	9.33986
9.18321	2.14963
6.64546	15.7857
-0.487555	-10.1561
-6.36963	11.3623
-1.28717	-6.36983
6.36509	3.46002
11.0148	5.36282
-0.161599	-1.71887
6.25812	0.785706
-0.948165	3.60376
2.29574	3.69795
-0.751004	-2.16504
-1.724	3.35379
0.696096	-2.19627
0.263833	-32.4932
-29.8535	-13.031
-15.5717	3.28833
7.75454	-2.94972
-7.49145	-5.07711
-1.93292	8.0578
11.3021	-4.06545
9.19118	0.12899
6.64633	8.58956
-24.2434	-10.7293
-14.6966	6.49305
4.69873	4.16657
-7.32594	3.24527
-0.468182	0.695773
-0.848702	4.49494
-2.70533	-3.44151
7.8271	10.4726
0.356902	-0.0539591
-4.20671	-8.80318
0.775881	5.69728
1.18908	7.04768
2.215	6.69055
-0.650266	0.285455
-6.68198	-3.91614
-3.27135	-6.09734
-5.18743	1.24219
-3.72882	0.741873
2.16163	-0.121259
-0.876768	-16.7365
-16.9211	-22.2588
-18.8546	-20.7465
-19.4734	-13.0581
-20.006	-7.00973
-14.3007	3.55955
3.0011	-13.5993
-6.6903	-9.85689
-18.3747	-15.2857
-11.8693	-16.5371
-13.521	-14.3407
-8.09674	-2.3618
1.24919	-3.47655
-14.1094	0.818506
1.277	-1.05621
-5.73193	0.850401
0.478245	-1.94637
-5.49886	1.43626
1.25	0.590131
1.09005	1.04926
0.525023	-19.1486
-19.0501	-31.4606
-31.7675	-0.929053
-4.76699	-24.4465
-25.0634	-7.38917
-6.26046	-26.0674
-13.7286	-12.0147
3.83226	-21.0729
-14.4612	2.56549
0.378118	-6.16277
-4.6674	0.748226
-1.76976	1.7629
-4.77794	-4.44279
-1.67637	-5.45554
-5.06799	-5.75291
-12.7573	1.20967
1.63275	-3.42502
-2.78855	-0.793084
-0.429022	0.805354
1.74991	-1.3834
-0.383391	-14.8004
-13.329	-20.2721
-16.4139	-17.6425
-15.0587	-16.1974
-11.0501	-7.90074
2.50102	5.46304
-1.32513	-19.1602
-0.010479	-0.162254
-3.45664	-2.9119
-7.0267	-7.67241
-4.14327	-16.5257
3.33005	10.9353
-4.32654	-3.5943
9.3099	-4.62807
3.29146	3.97666
-8.61583	-3.03746
-6.77626	3.16072
1.29295	-2.16598
-5.0808	-0.322276
2.13297	-1.72054
-2.32924	-23.1752
-25.902	-15.1944
-16.7484	-9.60712
-8.27035	-32.4979
-29.5593	-5.62552
-7.61192	2.8879
2.11043	-10.9616
-8.1138	-14.9322
-18.7118	-1.42742
-1.03768	-20.1066
-25.5914	-2.62267
-11.4869	4.72265
2.00213	-16.5361
-8.613	-4.53689
0.728673	-5.33195
-4.02771	-1.03555
-4.06555	-0.226021
2.03576	-3.85998
-2.78534	0.243173
-0.459063	-0.974527
0.10145	-11.6481
-13.433	-25.4785
-27.9902	-12.5647
-12.1317	-9.09987
-6.22963	-8.07168
-4.76199	-13.7037
-15.8674	-5.97881
-6.67487	-0.997224
1.30666	-18.6758
-10.5608	-8.84998
-11.8793	2.11752
-2.41372	-0.35549
0.178475	-2.36831
-3.25674	-7.40742
1.36106	-8.58805
-2.76772	0.248379
-5.83374	0.793168
-0.0594634	-3.2916
-2.20873	0.245827
-3.5227	0.188564
1.09228	-19.4089
-21.0764	-29.9167
-24.2818	-1.6971
-1.58822	-32.9461
-27.5752	-8.16349
-8.80285	-15.8482
-12.4521	-3.68738
-1.35156	-6.40432
0.380284	-8.54017
-11.9504	1.92856
2.10038	9.04943
18.7887	-1.60708
0.885996	-6.24065
-7.94056	2.37819
3.86597	-4.96279
-1.13363	-5.97303
-4.69001	-5.36792
-2.03536	-0.705292
0.0852359	1.7074
-1.11447	-1.48389
-3.80219	-17.6489
-20.1502	-21.7128
-22.3648	5.62115
10.4738	-2.94035
-3.57772	-10.1202
2.2176	-16.3617
-3.55311	-6.53946
4.93842	0.15588
2.41507	3.68159
7.51214	-2.72726
0.800739	3.61494
0.994272	-7.24906
-2.81005	-1.54833
-2.95756	0.348581
-5.41761	-5.90078
-4.2364	5.47733
0.967319	-0.147606
-11.0109	-0.599486
-28.829	-10.1837
-14.0459	10.6988
7.66408	-3.93164
-6.3467	1.64912
1.11439	4.50271
3.63794	-5.06243
-5.97174	2.73077
6.09559	5.07921
3.24861	8.33762
0.674766	11.1017
-3.6888	-4.35606
-0.900118	8.91421
8.39464	9.44732
7.17279	6.39807
-1.11999	2.08278
-4.23874	-3.12856
11.2317	1.18671
-3.09318	-0.357816
1.65115	-0.969948
-2.64005	-11.261
-11.9332	-25.1622
-25.5002	-15.8161
-17.9447	-15.8023
-16.9981	-5.07341
-11.5383	-20.4733
-20.0269	0.0061712
17.937	-16.8449
-16.9602	-12.5155
-8.15616	5.94873
5.56254	-5.27662
-11.9138	-1.1987
0.828541	-7.68354
-12.9218	-6.72978
-7.31525	-12.5293
-9.67315	-3.95499
-1.98584	-0.529095
-1.80855	1.42216
1.01212	2.40393
4.03552	-3.30145
-2.34579	-26.173
-28.2767	-28.5314
-29.1051	-9.09121
-7.6553	-15.9876
-14.3417	-6.40737
-6.38423	-13.1761
-12.0915	-12.0013
-10.0944	-20.2263
-18.8782	-12.2537
-19.3734	4.34158
-2.64264	-8.386
-0.698128	-5.49489
-2.16697	-7.67583
-9.5538	-5.48751
-0.760126	-5.17295
4.61893	2.48576
-1.46727	-1.00379
-1.10132	4.01558
4.36034	2.61105
-0.142013	-2.00573
-3.4687	-25.6911
-19.2819	-25.1117
-30.4686	-9.5404
-3.53757	-29.7449
-22.1159	-9.98485
-5.07912	-11.1623
-7.63083	-1.04576
-11.6697	-23.4951
-25.5512	6.46741
8.55414	-4.30622
-5.93667	-13.0923
-13.8622	0.880467
-0.559554	-9.22188
-14.0545	2.1593
-0.538237	-6.45948
-6.2677	1.9096
7.10613	-1.17074
-1.92392	4.52365
2.93757	2.56478
2.46553	-1.39521
-4.36075	-23.6963
-23.7346	-22.9632
-17.2655	1.6989
2.86526	-4.15454
-16.3594	0.344091
4.45286	-9.30226
-11.4108	1.00316
5.9485	8.55545
-12.627	-18.7874
-17.2767	-16.635
-15.1459	-14.4229
-11.716	-1.95587
-4.03354	-4.357
-6.47968	0.926784
3.77207	-14.7085
-13.687	1.25464
-1.47217	-1.45441
-1.6424	-5.27793
-3.66141	-0.189641
-1.19245	-0.270613
0.464748	-20.2773
-17.7729	-24.8863
-25.9727	-7.24781
-8.87219	-19.5418
-16.6117	-3.58156
-0.0316887	-0.848492
-1.03893	-5.77376
1.02172	-16.124
-12.5217	-5.09039
-13.447	-13.9143
-10.124	-3.56761
-6.0734	-0.477251
4.48522	-3.16087
-6.80076	-2.3647
3.1353	-2.16531
-2.50376	4.52879
2.53893	1.10728
-2.18997	-3.75076
0.35488	1.49955
0.823814	-1.61585
0.590643	-20.7214
-23.1804	-23.5898
-24.2111	-9.46195
-7.44009	-21.3819
-18.0259	-3.87741
-2.76682	-4.14967
-0.722594	4.29807
3.38524	-19.1103
-15.3126	-1.74166
-0.41326	-6.87102
-3.33148	-8.37171
-5.64252	0.101342
-13.3477	-9.84704
6.76757	-0.80969
4.64354	1.78767
-3.73571	5.04134
4.52552	4.22278
2.72679	-3.51554
-1.84199	-1.61146
-1.21627	-1.85889
0.596653	-30.0615
-21.2398	-17.1355
-22.3725	-8.14158
-8.55775	-11.7564
-9.67937	-3.20597
-1.20516	-3.95332
-2.60771	-18.318
-18.7618	-11.5554
-7.55217	3.19282
4.55087	3.95734
4.33134	-13.8727
-13.2232	14.1451
11.0855	-7.94054
5.58911	-4.15605
-4.01875	0.777217
-2.33906	-6.10915
-3.72294	2.52381
-2.70072	-4.52127
-4.49781	0.303536
-0.10051	-2.78846
-2.31037	-17.0886
-19.7653	-0.0950066
2.67363	-24.789
-23.1475	-29.5926
-33.4908	-0.618159
-6.40583	-9.89771
-1.45779	7.78543
-5.31556	-4.48606
-3.96981	-8.52596
4.62093	6.29089
-10.4904	-7.45395
7.95598	10.2588
1.04234	0.663508
-0.201711	-0.703672
-2.98154	-6.69662
-0.405864	0.210123
2.24798	-1.01707
-0.596918	-2.31212
0.978222	0.976381
-3.08768	1.17123
-0.831418	-30.5816
-29.9484	-22.8525
-17.5858	-11.0571
-3.59905	-5.67185
-14.7955	-0.539905
2.8403	-2.53743
0.422697	-5.01431
-6.86975	-3.1531
-1.26734	4.31563
6.19841	4.81168
12.8379	3.73733
3.98334	8.75188
-14.4895	0.699821
3.09272	-2.04437
-6.08115	-3.18857
-2.57498	2.33077
-24.6925	-11.5363
-11.0612	7.66624
13.2055	1.9209
-2.52757	-0.609949
2.02499	8.95759
3.49624	2.53211
3.24982	0.760193
-10.3047	-6.18641
9.48745	7.25356
10.4772	9.76466
5.57185	11.992
11.0495	6.61929
2.4479	4.15874
-2.59822	2.82418
1.98109	-5.45717
-14.2322	-4.01596
-1.6152	-1.92419
-3.07907	-0.412399
-0.0819001	0.479895
0.618761	-17.0588
-18.5767	-7.87032
-12.5497	-1.16936
3.17792	-16.1311
-18.7322	2.6009
4.73185	3.88632
-4.06923	-2.94215
-9.4542	-14.8816
-1.62236	-18.4684
-22.8556	-5.32216
-7.99229	-6.45766
-5.07867	-4.27962
0.216811	-14.5751
-18.4748	-1.70661
-5.64874	-7.504
-11.0547	-3.4885
-0.469659	-6.98102
4.12016	0.613543
0.630401	2.38482
-0.177602	-1.25537
-0.309386	-17.4905
-20.4507	-22.2232
-20.3434	-14.3209
-14.2637	-33.1173
-32.6637	-12.5974
-13.6143	2.40195
1.6047	-5.28718
-10.6849	-16.3359
-13.7491	-5.58301
-12.2012	-16.7721
-25.7788	-14.8438
-6.15075	-6.014
8.95932	-6.805
-4.12775	-3.0779
-0.342125	1.19168
7.10102	0.618304
0.677026	1.16244
-2.86271	0.474033
0.968377	0.0590716
0.122892	2.78532
1.14905	-15.1859
-11.2231	-12.1948
-13.6005	-16.0311
-14.2806	-25.5524
-29.0775	-10.5152
-8.99233	-23.4084
-22.6773	-2.49037
-5.19777	-11.0486
-14.5504	-3.57112
-5.22703	-0.643292
-1.32246	-6.36315
-4.89267	0.650967
0.921699	-5.5634
-0.00743766	0.555531
-4.24161	-2.29487
1.47417	2.38942
6.55381	-1.20444
-0.242318	2.40008
1.38339	-0.519116
-1.33896	2.34702
0.404253	-35.3837
-29.9378	-3.02849
-2.23065	-11.206
-15.3782	-40.8303
-38.1686	-2.99755
-1.014	-12.5541
-19.5805	0.413672
-0.895136	-9.60381
-7.36629	-11.6634
-13.9421	1.23572
-3.91031	-7.94203
-5.84569	2.88141
4.24841	0.900575
0.649128	0.079667
1.88567	-13.9539
-13.7349	-3.80218
-2.62175	-3.64989
-3.6622	-3.28532
-3.76842	0.570852
-0.286447	0.462036
0.479208	-24.1281
-21.252	-20.3337
-14.9603	-4.0278
-2.43387	-42.5186
-41.1462	-5.97907
-9.56239	-16.3475
-18.5784	-2.28867
-1.51137	-17.1519
-13.9506	-7.30742
-5.95565	3.97207
4.65793	-11.113
-9.99981	5.09608
5.68092	-0.707543
2.8678	-14.1532
-17.8381	-6.16477
-6.50767	-9.69052
-7.91573	-4.47102
-5.67865	2.42733
1.5413	-1.12004
-2.83345	0.842022
0.580444	-11.309
-15.3425	-6.57883
-2.52629	-13.0751
-9.40068	-10.0987
-15.9098	-18.1299
-7.89332	-2.58109
6.67867	-21.0227
-9.75356	-9.61114
-1.4004	-10.2629
-14.0939	-19.1523
-15.3711	-2.6165
-1.02216	-3.51907
0.729692	-14.5982
-13.5901	-4.72302
-7.4675	-5.04628
1.29268	-5.52666
-1.5189	-3.4396
-3.04983	-0.236556
-0.620882	0.149494
-0.0554525	0.0417163
-0.41136	-17.854
-16.1609	-28.4993
-27.1508	-19.1911
-19.0266	-16.8971
-17.7248	-14.7186
-16.476	-7.06782
-6.88838	16.7186
13.3911	-18.6951
-16.8465	-12.3945
-11.2659	-3.92451
-2.42166	-7.74313
-8.48292	5.10576
2.48262	-4.0887
-4.81406	-2.14485
-3.33561	-6.72481
-6.43294	-5.91585
-7.27148	-2.14059
-3.2962	-3.55324
-4.01755	0.464467
-0.522635	-0.280889
-0.198142	-17.861
-26.7112	-8.07835
-5.28037	-13.1584
-13.4578	-5.26361
-4.26543	-5.85565
-2.90998	5.51822
5.47618	-7.37122
-2.61	-8.94838
-3.21834	-7.45724
-13.411	-2.44464
-7.94346	-11.3189
-10.0977	-0.41279
0.43562	-6.78055
-1.51934	0.457402
-0.024372	-2.66812
-8.90888	-2.35675
-3.21672	-2.49335
-4.28948	2.75652
1.86209	-2.36981
-2.26427	-3.43942
0.8237	-14.1708
-16.2048	-4.54609
-8.41484	5.81264
5.05339	-8.70612
-6.77369	-3.09375
4.08276	-7.49277
0.062647	-2.221
-0.0256485	-3.12278
-5.46952	-15.0047
-15.4194	-10.9092
-12.3598	1.6111
5.49166	0.0127704
7.44468	9.62477
-0.64019	-15.6565
-17.2258	-11.3052
-12.7985	-5.8422
-7.2565	1.64586
0.431993	-3.90634
-2.95676	0.00199281
1.76514	-2.57644
1.72333	-28.9333
-31.6023	-2.23727
-9.26196	-5.10518
-6.08496	1.80678
0.826566	-0.575405
-5.79289	-3.68984
3.71179	0.201216
-1.04277	10.6784
5.14071	-0.286517
-0.00950011	-0.595369
3.49515	2.42228
-9.53216	-0.555048
2.74649	0.546502
-9.02485	3.08009
4.00974	-6.71821
-5.2309	-1.73453
-2.19579	4.13422
5.11756	1.48764
-1.71506	1.7503
-1.55037	-3.00134
-1.50036	-17.6073
-16.4734	-11.3777
-2.74787	-8.62737
-9.11519	-5.50026
-2.40037	1.28117
-1.32656	15.7788
6.22508	-11.7423
7.72216	18.9422
-1.38662	-1.69571
-3.50335	4.45702
-2.06927	-3.52551
-0.57607	8.23465
25.0569	-2.96906
-7.07803	8.34082
3.27763	6.53796
-5.78715	-4.31295
-3.3211	-2.74463
-1.09268	-1.0281
0.697563	-0.515246
3.2601	-1.53503
-2.24554	-22.7134
-21.1704	-12.0552
-23.3975	2.14539
-0.632847	-26.1051
-21.0674	-1.66924
-10.7263	-1.10463
-11.0285	-2.30848
1.19971	-5.09705
-10.6393	-6.10866
-7.03344	-5.35727
-3.35312	6.27439
6.79509	10.1151
2.81464	6.53032
8.33651	-6.99398
-7.65804	-6.91826
-2.18919	-6.89403
-1.01892	3.5038
-0.875917	-1.75592
-4.77594	-6.32695
-2.07088	-0.998208
-0.205144	-38.5761
-40.5016	-4.69274
-4.10113	-16.2448
-7.53614	10.8819
-4.24997	-0.113398
7.98758	13.6237
3.81899	3.872
0.0440673	-2.7584
-1.78667	-11.2772
-1.76185	1.53211
-9.70594	-8.35598
0.153557	3.49694
-0.748921	4.76206
5.02638	-2.90341
4.14269	-6.03773
-0.0365188	7.33383
-6.3839	0.699583
4.1427	1.98763
0.244012	2.36039
0.231047	-1.98017
-1.44593	-32.1126
-28.9093	-8.97469
-13.1637	5.50089
1.44233	-7.22934
-1.56115	8.77928
3.1205	-4.99256
-0.625504	-4.39547
1.85645	-4.29353
2.11603	7.13177
-1.38735	17.9254
6.5334	-7.58062
11.3085	-1.41851
15.7201	5.3265
16.5748	-3.96759
12.553	3.34933
6.28674	3.11285
-4.19444	0.361952
-0.133398	1.90288
3.70469	-2.0131
-1.41092	0.235975
1.45478	-22.4431
-25.8967	-3.13822
-9.44399	-21.5609
-13.739	-32.4005
-30.9446	6.70967
4.8908	-8.25777
0.277351	-22.7894
-17.495	-20.7116
-25.9113	-6.96575
-3.20593	3.45787
5.4728	-4.45532
-0.971303	-11.2244
-10.7338	-9.8751
-10.1983	-13.5544
-15.9665	-2.05768
-6.20954	-3.41915
-6.0658	1.32176
-1.33065	3.78139
5.24136	-3.65227
-4.04281	1.90688
1.34388	-13.4266
-10.9009	-16.9111
-11.9004	-11.0475
-6.36702	-21.6761
-20.8105	-16.4091
-15.163	-7.12855
-10.9388	-3.71943
-8.85833	-2.4841
2.20006	4.79754
-3.70371	-0.159599
-8.51245	5.70984
-2.33616	-7.48565
-6.26044	-1.07013
-3.88766	-4.99572
-3.71277	-11.1098
-15.7616	1.80954
1.90869	-2.11416
-0.341567	-0.504975
1.27902	-3.7701
-0.756618	2.3796
2.52275	-27.7017
-29.7633	-11.3841
-23.7101	-10.4973
-7.09429	-16.5154
-13.2698	-6.85637
-10.7323	-5.61981
-7.99856	-2.93576
-5.17463	-26.9004
-28.7928	-4.03935
-2.39837	2.92105
3.8744	-3.06918
2.66889	-7.60767
-7.00563	-2.52847
-3.81839	-4.93709
-6.16971	-8.36878
-11.4261	-3.94477
-2.79231	-6.42663
-5.56435	-0.0219153
-0.582884	-4.07083
-1.33494	0.0238208
0.58321	-16.4737
-16.3694	-17.3082
-18.364	1.836
-1.52533	-23.2378
-25.3912	-11.9858
-12.0675	-40.5285
-40.1314	9.07872
6.3549	-0.572593
-3.06044	0.896637
-3.47289	-0.997368
0.889773	-10.335
-7.97776	10.583
7.93947	-7.22336
-5.91884	-14.7288
-10.4728	-4.55515
-2.08074	-4.00144
-3.45329	-2.78184
-2.71646	-3.03254
-2.70503	1.95049
2.24968	-0.594375
-0.903292	-9.98009
-11.0009	-15.5305
-11.6704	-9.47389
-2.52672	-20.6971
-14.3192	-10.6741
-16.6171	-13.7425
-16.8614	-11.7584
12.9121	-11.1879
-9.90025	-19.2158
-18.9932	1.22574
2.98355	-9.59652
-17.0299	-4.96141
-8.39523	-11.5151
-9.1001	1.04821
-0.204295	-8.85619
-6.39176	-2.45191
-3.06169	2.58387
0.513771	-3.25332
-3.6341	2.09279
1.52503	-0.219942
-0.554106	-13.7393
-18.8614	-30.3409
-30.8149	-15.9841
-14.5507	-3.65031
-6.89865	-10.1762
-8.66472	-13.5568
-13.6641	-2.99855
-3.21122	-24.9284
-22.1675	-6.30854
-8.93844	0.499512
6.49177	5.19171
0.197977	-6.56045
-2.9913	3.89713
0.537532	-4.60253
-3.60593	-3.4595
-3.70765	1.22766
1.81807	-9.42297
-9.24299	2.03472
3.80151	-3.96399
-3.82902	1.10458
-1.42949	-12.5638
-13.5947	-14.3334
-15.1993	-4.33964
-3.35846	-29.6001
-29.5266	-2.45005
-8.50041	-10.7445
-9.23671	-3.22136
2.06914	-1.47085
-1.68302	-6.67442
-7.24543	-9.98232
-3.59603	3.79169
9.88468	-1.76171
-2.18654	-2.69109
-3.42084	6.96933
9.67569	-5.3941
-10.6178	9.41604
10.0006	-0.356742
-5.20537	2.05787
-7.35321	-1.69579
0.403668	-0.106495
-0.937724	-14.0271
-20.3077	-12.1248
-8.21246	-15.0647
-14.9068	-33.3602
-33.14	-1.28106
0.10606	-3.88889
2.41935	-10.6743
-8.43878	-12.7376
-14.4627	-4.83448
1.86293	-9.60295
-5.21586	-9.08002
5.49507	18.8019
6.14354	-5.27885
6.42478	2.95752
-5.56375	-8.10738
2.69077	7.91841
-2.94369	1.71589
2.48991	-1.26718
3.1188	-0.0872771
0.723602	-0.320964
-1.22866	-29.8124
-30.1065	-13.714
-23.0351	-10.024
-4.4505	-20.0512
-29.0764	-6.7364
-6.52134	-5.73776
3.8448	5.71197
9.33983	-10.6246
-9.86658	-12.141
-7.29345	12.7502
8.80467	-17.5317
-19.9127	13.2024
13.2022	-7.14559
-11.511	2.93028
-0.872071	0.534959
-2.40949	-4.23267
-5.16906	4.01866
1.43406	-1.17493
-7.51676	3.0754
-2.36593	0.807473
-1.03181	-34.4383
-36.7769	-11.7149
-11.472	-7.37148
-8.59444	-6.82425
-14.7913	-8.44922
3.59469	11.5534
-1.04945	-4.20634
-10.9922	-12.5319
-19.4492	-16.8872
-14.117	-8.73239
-7.61247	-6.60985
-11.4815	-1.83845
2.66711	-8.32827
-2.12742	-7.31645
-5.18472	-10.4719
1.96467	-3.71855
-5.54209	3.13197
-6.69208	1.84386
3.40822	3.88547
4.01977	-1.1083
-2.83008	-29.6576
-26.4245	-35.5798
-33.0638	-6.65401
0.338135	4.13147
-3.81815	-1.16687
-4.07882	-6.84107
-16.8635	-20.1446
-15.6052	-15.2053
-7.16845	-9.11893
-1.62673	-1.78165
-4.7293	-5.1801
-1.57944	6.12854
5.95962	-0.791109
-1.37496	-0.0196764
-1.58338	-1.28785
-5.38538	-1.74823
-3.54189	1.85635
-1.45737	0.847985
-1.11618	-0.571969
4.49278	-1.85867
-1.32485	-28.8235
-35.922	-24.3481
-12.8985	-5.09251
-1.86599	-12.3811
-9.1052	3.31102
-1.06891	-14.6036
-16.0311	1.50948
1.69426	-10.6663
-3.86758	-27.4633
-24.6731	6.31725
5.56665	-13.1258
-4.205	1.47945
-2.23849	-0.508358
-2.42408	-0.501046
1.98512	2.12486
2.29124	-5.11915
-5.61887	-2.23119
-2.71849	-7.23961
-5.91099	-0.350236
0.799654	-0.317692
-2.22457	-8.18221
-7.44139	-21.079
-13.1904	-17.9634
-13.33	-28.2042
-18.0879	6.07772
-3.075	-3.58374
-10.0667	-11.5274
-6.9399	-21.9
-15.6056	-26.4149
0.495491	-4.85432
-2.07666	1.37368
3.98274	4.90952
1.44802	-4.52259
-2.58384	-1.7983
6.43262	6.7756
-5.63288	-3.04579
-0.0136252	0.248765
-3.10314	2.05955
-0.364058	-0.585445
1.05237	-1.26559
-2.28639	-30.4635
-28.1088	-11.4149
-14.1884	7.83684
8.72219	-6.92097
-4.78674	5.15256
8.85236	0.217776
-0.710661	-2.17015
-13.4785	-8.36994
-13.756	3.40027
15.8461	4.9038
-1.12737	-12.1371
-12.1649	3.04813
9.63096	-1.85118
-1.9	-2.41554
-3.46693	-1.82895
-3.76477	-1.83819
-2.47561	-2.37735
-2.52764	-5.05145
-5.64992	0.882589
0.38982	0.863183
-0.482117	-17.961
-18.7409	-35.7743
-37.8061	-9.88136
-10.0642	-7.30788
-6.73712	-8.57517
-8.52151	-10.5437
-8.53211	-7.49757
-11.0679	-20.4006
-19.7206	3.13165
3.48032	0.704788
-3.19527	-6.39743
-7.16674	4.15563
6.46973	-7.15736
-3.3501	-14.621
-10.476	-7.92694
-3.56067	-1.52068
-0.668079	-3.70058
0.193943	-0.565044
2.33882	2.83481
-3.31176	-0.320472
0.240009	-34.3628
-32.6131	-4.86748
-10.2988	-9.17942
-9.90373	-12.3537
-17.2417	-23.6218
-27.394	-11.3038
-8.81809	10.1574
6.54161	-17.8984
-13.986	-9.53707
-8.76816	-18.2779
-14.6884	-6.23486
-5.96247	-4.0975
-3.63348	7.27676
-3.28642	-9.31835
-11.2314	-6.69245
-7.83793	-3.89449
-1.05095	-8.11452
-6.66155	2.15148
-4.23738	-0.131182
-0.301301	-0.711067
-2.84866	-17.755
-17.7222	-10.3366
-12.2079	-8.17564
-6.59195	-32.6051
-30.875	-8.79182
-3.43076	-1.20007
-4.84347	-5.478
-4.47189	-12.7249
-8.91926	-10.0416
-8.69764	-17.05
-18.9929	2.82898
1.93389	-1.98887
-2.48731	0.389493
-1.00462	-6.91518
-5.72364	-8.49627
-8.51162	-1.27077
-0.258736	-7.09835
-4.93174	-0.745282
-0.344394	-1.50987
1.24552	-0.749961
-1.65589	-24.6115
-26.7797	-20.626
-26.6953	-11.7304
-15.4379	-18.177
-15.8859	-10.4886
-9.75127	-11.1129
-18.3312	-1.48626
-1.22214	-8.66342
-8.76704	-19.7442
-13.0437	-16.1106
-13.666	-12.214
-6.58541	-3.01414
-5.42525	-5.01467
-4.58604	-1.34657
2.13379	-9.47775
-6.25344	-0.334565
-2.2495	1.97102
-3.51642	-5.30788
-0.00998714	-1.31173
1.7028	-2.22084
0.295994	-35.5296
-41.4074	-11.8631
-7.87066	-8.84293
-12.7958	-4.91303
-3.2722	-4.57236
-1.34312	17.7222
2.68409	-0.620929
-5.62155	-7.66606
-24.5099	-6.20147
-9.383	-7.35151
3.1155	-8.04084
-7.44621	1.06945
-0.637447	-0.0469863
0.900087	-6.76678
-6.59457	-6.69879
-7.59776	-4.75965
-9.12261	0.214182
-0.233127	-3.73435
-2.46256	0.352107
0.606237	0.0706716
-0.115294	-8.72534
-13.0651	-6.91099
-11.2141	2.06331
-0.974035	-12.348
-14.5511	-0.928402
10.2122	11.6882
17.6099	-3.72583
-15.0964	-7.31142
1.94676	12.386
7.64841	0.357935
-10.1651	-16.0914
-8.89593	8.04108
-0.243069	-6.37143
-3.45212	-7.26639
0.654957	-6.78305
-8.44883	-6.0033
-1.6454	-5.32407
-5.80634	-1.31057
-2.21334	-0.947707
0.434174	-1.49851
-1.64345	-19.5968
-20.8454	-15.3467
-20.7561	-10.0052
-5.50691	-29.6733
-29.4805	9.25807
11.2001	-0.186361
1.35218	-19.4169
-18.7304	-7.28853
-2.62212	-7.79718
-5.71556	-5.45923
-3.51884	-0.28268
0.214464	1.5554
-7.09281	-6.59452
-12.3402	3.37759
-3.16735	-13.0409
-11.4586	4.34314
-2.42841	-2.13322
-4.78396	1.52054
7.40007	1.2512
2.7074	0.600803
-1.09836	-26.2227
-28.4921	-15.8446
-19.5863	4.10729
6.50074	-6.2362
-14.0583	7.69254
-6.30936	-1.94565
12.241	7.02967
-27.0217	-6.69887
-12.8809	7.2061
6.80873	2.63189
-0.287588	0.337629
5.10284	9.51618
-2.39375	3.37548
-0.00162601	-2.01346
-5.14889	3.30693
0.941447	11.1015
0.804199	0.850568
5.65447	1.02832
8.67889	1.4703
16.4722	0.941393
4.71914	3.31115
-0.434074	0.386967
4.42694	-5.42831
-5.5384	-2.50135
-4.90001	2.89092
1.3473	-0.943957
-0.200161	-17.0002
-18.8168	-31.5522
-32.1758	-11.6388
-12.8517	-14.6158
-17.1058	-5.97053
-5.4028	10.4784
10.3763	-4.65078
-9.72055	-17.5859
-9.97132	-1.03459
-8.25157	-7.54258
-9.01038	-3.72761
-5.8781	-6.66258
-7.85615	-5.8793
-3.73793	-3.39121
-0.611954	-7.4225
-7.77264	0.695244
-2.60592	5.64055
-1.0964	-2.60368
2.84526	0.688301
-0.484149	0.56276
-0.441396	-31.9629
-33.9934	-14.6695
-17.8479	8.23024
3.80625	-17.025
-18.1062	-10.5454
-13.9558	-10.7247
-8.77772	4.04942
2.52531	-1.17144
-13.2845	-20.5401
-12.4157	-7.5423
-13.0131	-6.2624
-4.14962	2.75946
1.61154	4.50235
-2.83774	-1.35312
-4.68715	-5.08191
-1.69543	-6.61046
-5.01188	2.31002
0.22798	-7.34038
-4.96689	0.888522
3.71584	-3.15267
0.247591	-40.2085
-41.7217	-7.52819
-2.52903	-12.4956
-6.23974	-14.5067
-18.4874	5.3006
-4.98165	-7.95654
1.17631	-1.73819
-7.97267	-4.33302
-8.34486	-16.9979
-15.1785	-8.19911
-8.50012	-11.7978
-15.2799	8.97162
10.7894	-11.3396
-11.0968	-6.87025
-9.42589	-12.5349
-10.6122	3.14935
1.77235	1.11796
-0.234764	-1.55939
-2.10619	0.767032
0.246663	-0.413565
0.911948	-16.5216
-16.7221	-33.996
-35.5531	-14.551
-15.2676	-13.1286
-11.8765	-21.4853
-18.8346	1.78361
-0.0724975	-18.374
-16.8457	-21.1584
-19.6252	-15.4075
-7.54085	-9.74793
-9.60888	-13.3775
-17.7945	-10.9233
-7.69827	-4.51437
-4.15413	-1.86972
-6.25845	2.08773
-2.0954	-0.182936
6.88486	-3.71035
-3.43211	-3.19036
-0.562236	2.34293
2.89468	0.472044
-0.655262	-40.236
-41.3305	-4.84609
-10.7704	-5.13502
-3.85736	-0.0817919
1.05457	-5.79832
-6.34634	18.9246
10.6648	2.17628
6.45177	-8.81857
-17.217	-18.571
-13.5394	-11.2037
-0.364545	-5.53819
-5.96184	2.27883
0.732442	-2.54153
-5.91551	-7.2248
-7.92719	-11.6056
-15.1906	-4.96986
-0.978801	-3.23349
-1.57911	-4.0729
-2.6339	-1.94037
2.00577	1.50654
1.72651	-13.3861
-12.1472	-11.2967
-11.8313	-6.91448
-10.9973	-38.7658
-36.1	0.780731
2.00585	-27.401
-27.5278	2.9428
-9.38729	-7.88566
-12.2163	-7.62045
-8.60454	-11.6958
-12.4002	-1.95311
-0.934914	4.588
2.15155	-11.6574
-11.6674	-0.640216
0.930274	-8.61138
-11.9258	4.16012
4.75505	-3.20747
-1.87926	-2.92129
1.76356	-0.833128
2.18083	-0.156131
2.1227	-18.1914
-33.5171	-9.07239
-13.4636	-9.71159
-17.7732	-1.48408
-2.95495	-3.65287
6.81665	0.773787
4.30434	-9.37053
3.86434	-11.85
-15.1752	-13.4189
-11.1621	-15.7485
-11.0761	-12.1564
-8.55712	5.09304
3.98294	-6.70696
-9.32234	-1.06865
-1.99479	-8.68967
-10.0469	-1.78441
-1.12022	-5.94128
-3.97526	-4.0391
-0.582017	-1.31384
2.05837	-1.01651
-0.389981	-29.4265
-37.5954	-22.6941
-25.8958	-11.0251
-4.94597	-15.8467
-20.0694	-8.19684
-3.7296	2.68782
-1.77994	-9.43367
-12.5142	-14.8794
-7.67449	-3.81696
-11.7208	-7.22946
-1.25603	-12.0339
-7.11373	14.9278
16.5255	-10.9828
-6.0185	-9.78228
-8.42062	-10.3901
-13.1892	-1.11308
-0.69899	-3.28997
-4.68228	1.08343
-0.645641	0.297292
-0.702757	1.68187
0.80621	-20.3751
-19.3441	-5.93624
-9.38792	-17.8383
-12.6314	-29.081
-27.4249	-8.91202
-7.7281	-14.7852
-17.7616	0.76387
1.10139	-10.6118
-10.4129	-21.0843
-11.365	-0.329118
5.87138	-10.8104
-12.542	8.65839
6.34505	1.59787
2.24297	-4.32026
-2.88039	-11.7163
-11.8497	-5.36799
-5.32642	-2.5721
-5.58686	-0.264199
0.805275	-1.97929
-2.01192	1.39769
1.73697	-20.5378
-18.339	-32.6971
-30.4884	-2.47482
1.96732	-28.7148
-34.5583	-20.7228
-19.2762	-20.7981
-12.622	12.7399
11.668	-21.0169
-14.7501	-12.2176
-13.0278	-0.610391
-4.33962	2.71854
12.3516	0.205489
14.8013	-6.74393
2.78439	-6.93196
-11.7977	-1.01661
-6.94773	7.29661
-1.70326	0.296887
0.572033	-0.703338
0.725837	-0.387322
-1.73584	-0.547649
-1.09734	-21.1611
-20.5741	-11.7396
-11.0255	-19.7166
-19.2	-28.2754
-28.9789	-13.5316
-15.65	6.2602
6.32439	0.466632
-7.13869	-4.48718
-12.1736	-6.29137
-0.209311	-2.99644
-2.231	-14.2687
1.46466	-13.5651
-15.5721	0.344544
-0.551398	-8.56745
1.2016	4.96844
-6.01712	2.09778
6.08107	-0.548801
-3.49487	2.37612
-1.33402	-0.679956
0.948932	-0.209065
-0.162194	-18.3709
-18.5484	-36.1587
-35.0319	-7.38891
-7.26869	-11.3326
-5.63338	-12.1847
-7.67215	-3.21187
3.57252	1.49172
-3.28806	-11.1048
-5.57187	-12.2836
-2.5752	0.414423
2.65252	-7.95909
4.79792	10.4322
18.3025	-6.22791
-1.89936	5.87255
-2.39015	-1.68437
3.5505	9.40506
-1.42403	-0.362332
-1.90075	-5.17994
-1.6195	1.27403
0.536906	-0.945869
-1.09466	-17.8495
-17.0025	-37.3765
-36.8704	-10.3861
-9.49052	-13.1671
-11.0568	-11.3842
-19.4219	-10.482
-15.763	13.3004
14.4958	-9.56308
-3.65276	-11.6277
-8.75553	-11.6044
-9.55401	6.36801
15.5399	-0.613554
9.31613	-4.02857
-2.68879	-0.531346
-4.50911	-6.39442
5.23268	6.44436
0.742811	4.2863
-5.99485	1.15599
2.31192	0.954219
2.58873	0.575654
0.83617	-10.2559
-9.51654	-19.1563
-17.9397	-10.4651
-8.24691	-23.8119
-22.1579	-1.21778
-3.6394	-19.488
-18.204	1.21266
4.88503	-4.548
-1.7356	-10.9717
-10.6027	5.05824
5.00545	-6.11769
-3.04183	11.5305
12.0077	-10.7898
-3.0338	2.18733
0.776734	-5.30756
-1.79103	-10.7186
-7.23951	1.36354
3.41055	-5.56034
-6.31692	-1.59002
-2.15494	-2.34739
-2.34344	-23.9353
-25.1299	-21.8552
-20.4803	-7.21283
-17.2805	-19.3055
-24.8968	16.2495
12.8556	-5.8076
-5.43814	-10.6304
-12.8493	-9.26174
-10.2971	-5.08572
-2.0107	-5.97097
-8.44889	-2.41626
-4.11257	-0.679936
4.21203	-9.74249
-4.69432	7.49787
1.4494	-14.2425
-13.3553	-3.91337
3.80752	3.90071
1.87254	2.86242
-2.54369	-0.1743
0.513283	-0.792048
0.834134	-36.1304
-36.1378	-8.31846
-4.77984	-5.56839
-8.32604	-5.04565
-25.4251	-15.5036
-13.0366	12.0443
7.90863	-2.90786
-1.83661	8.94345
3.46004	6.48887
3.61217	4.91307
4.22285	-4.00917
-9.41837	-4.51216
-1.05715	-4.69057
-4.30679	5.54007
8.93434	3.29126
6.88273	-1.6649
-4.61271	-3.02762
-9.87256	6.97032
-0.977075	-11.8589
-8.99945	1.57893
-1.1985	1.96507
-0.243532	-0.772974
0.257806	1.46881
0.602273	-12.2924
-13.0925	-15.3971
-17.3958	0.920669
-5.08499	-23.1533
-16.6855	-7.84584
-9.06898	-6.29308
-5.25528	-15.9124
-15.362	-15.0949
-17.1828	-5.59529
-8.34338	6.3104
10.2424	-4.57597
-4.16784	-5.73368
-0.0272401	-8.50824
-8.68347	-4.83952
-9.04855	-6.87181
-7.6929	-5.33781
-3.32488	-1.91076
0.671588	-1.8557
1.29665	-0.372252
1.34739	-0.102057
-1.89298	-26.3868
-29.1824	-6.06287
-2.91202	-1.62062
4.87313	8.12307
-1.6282	-10.7136
-2.26763	-3.89631
-12.6682	2.65472
0.98864	-26.3911
-18.5426	-2.17141
-10.8296	7.17389
4.12295	-6.67085
-3.67172	-4.98769
-2.95477	-6.56856
-9.03244	-4.48396
-6.12633	-8.55739
-8.99216	-2.74431
-2.86664	-4.0156
-3.82233	1.51118
1.9884	-0.825578
-1.97787	0.790513
0.329868	-11.9381
-11.9943	-15.7208
-17.3142	-7.8157
-11.7254	-30.5699
-26.6607	-13.0739
-14.4562	-11.2246
-18.8148	-4.52987
-4.0417	-2.53883
3.33732	2.40743
-2.55519	10.608
12.7172	11.6225
9.2665	4.49757
8.91578	2.70179
-0.830924	17.9181
6.23295	-3.50418
-5.27829	-2.97597
-7.12064	6.29439
-1.25779	-0.0348074
-5.79984	0.496896
-0.197988	-3.2524
-4.25826	-31.5456
-19.8674	-10.4206
-7.78997	-17.0128
-16.7498	-43.535
-41.8337	-3.06706
-1.47397	-12.1301
-6.81257	-8.3549
-10.4203	-16.3699
-10.6331	-3.17985
-6.16082	-8.33492
-4.89161	-2.67535
-8.72294	2.86572
2.66733	-11.1367
-11.2151	-0.875368
-2.9703	-7.89387
-6.68668	-3.35053
-1.62799	-2.80379
-2.92661	-2.54446
-1.97896	2.5208
3.23881	-0.940707
-1.2999	-15.5707
-14.7288	-16.0654
-12.7995	-2.05864
-0.17934	-16.4412
-13.1833	11.7784
4.61824	0.880169
3.65995	-1.60381
0.991968	-0.499321
-13.4747	-2.8363
-20.1771	-3.95286
-0.71678	-18.3781
-6.22231	-6.6267
-4.02012	-2.77456
-3.88326	-4.32127
-3.55074	-3.41572
-5.22926	-0.266064
-0.4458	-2.93611
-4.66671	-2.37758
-2.86578	-0.723162
1.23138	-1.27105
-1.1143	-29.3467
-27.0329	-22.3938
-23.8552	-7.74022
-8.58738	-15.3027
-12.7324	1.77403
-9.06569	-18.2054
-8.21793	-7.58917
-7.80183	-24.587
-15.7925	-11.0693
-15.3742	4.81513
2.64152	-4.61392
-0.360413	6.80631
10.2257	-5.48178
1.31352	-6.73897
-7.64764	-10.7344
-4.11276	-7.95157
-3.50521	-4.60758
-3.69564	-0.366156
-1.11376	-0.348687
-0.201813	-1.03728
-1.5575	-27.7595
-24.988	-33.7033
-30.0264	-4.66163
0.0511476	-25.599
-15.4125	-12.285
-9.50088	-10.6579
-5.67087	-17.1095
-5.49097	-7.34896
-6.1686	6.00211
0.182956	-5.49717
-11.199	15.1802
-6.41409	-0.879892
-7.92716	-7.6898
-7.65378	-4.67693
-4.28875	-6.07134
-6.73068	-2.39938
-1.52256	-2.49544
2.77667	-0.29595
4.53801	0.37169
1.15127	3.5823
-0.660283	-11.693
-13.0138	-4.45059
-6.80131	-5.29658
-5.81804	-28.4452
-30.0224	-12.968
-11.3625	-13.3824
-15.4095	-9.44101
-12.197	-12.0952
-11.188	-9.33028
-4.6672	-4.33651
-5.5725	-10.4299
-9.04123	11.5862
7.23311	-9.2026
-7.35811	-1.41258
-1.69625	-1.28545
-4.29043	-2.10035
-2.92334	-1.41971
1.65988	-5.51158
1.03893	-2.63863
0.871597	-1.19149
-1.48413	-25.7493
-28.5659	-15.2941
-19.2847	-5.92552
-3.89933	-8.61839
-10.4359	-1.2477
-13.6592	-6.81199
7.43789	-3.23842
-9.34945	-7.68724
-5.56663	-27.0717
-23.3964	-1.36944
-1.58817	-4.9215
-6.65599	8.73043
7.00594	-4.72123
-6.13283	-8.54175
-10.1729	-6.51936
-8.67684	-3.95223
-10.3356	-6.516
-5.80446	-0.724455
-3.78972	0.611789
0.492695	-0.516708
1.45608	-12.5045
-13.2834	-12.2377
-12.8218	-1.69306
-7.43804	-21.6934
-17.7605	-5.55196
-2.02981	-1.86325
-6.43623	-5.8192
-6.97713	-21.2053
-21.8	2.11223
-2.23844	7.03623
-0.483446	-8.48201
-7.38047	7.872
7.78849	2.5159
-4.06613	2.36802
1.73845	-6.02861
-4.92972	-3.17814
-4.51415	-1.89671
-1.07033	-5.51852
-5.85246	3.15918
3.11083	-0.776869
-0.0877133	-14.9037
-12.9563	-16.6955
-9.01208	-12.4442
-9.45385	-8.09214
6.81085	-11.9075
-15.8605	11.402
8.33459	-6.44041
-4.89686	4.35933
14.7216	6.96338
-6.77506	-8.19417
-3.39097	8.91092
-13.7125	-0.520775
1.46624	-7.83134
-18.4917	-2.43993
-6.3913	-4.35247
-5.71343	-3.21385
-6.26217	-1.29063
-2.41888	-1.88878
-1.55897	-0.948496
-0.47005	-4.00266
-2.28576	-33.7541
-30.1776	-9.51769
-14.3989	-7.90408
-15.8695	-10.5413
-5.9728	-3.72353
-3.6087	-10.4034
-10.5402	-1.11858
-3.93144	-22.3671
-22.4589	-0.762568
0.829031	0.494985
-1.95209	-6.05024
-7.81032	6.60419
5.00767	0.277756
-3.32481	4.97374
2.50354	0.0565353
0.881703	-4.23128
-8.74632	-8.87148
-8.19159	-3.85229
-1.17598	-3.8734
-0.49109	-0.584608
0.0978657	-11.337
-15.7224	-16.9151
-16.9421	-2.66109
-2.29457	-22.7097
-22.8458	-5.36048
-4.36319	-19.0254
-14.2446	1.53095
-5.48123	-9.84922
-9.95022	-10.7564
-7.75569	-3.82551
-8.48421	-1.91181
4.42224	-8.45105
-3.01249	4.02725
9.69665	5.99597
-2.91563	-8.93341
-0.0296226	-4.4446
3.11879	-7.63992
-3.26732	-3.83618
-2.33335	-0.405599
-1.54274	-2.52826
-0.176917	-30.3793
-27.7514	-12.2206
-14.3568	5.03494
10.446	-1.93783
-6.46627	4.19338
1.17496	-3.59167
-0.727549	-7.92468
-0.940375	2.69371
-4.86424	3.402
2.53389	-4.00086
0.928108	-8.97145
12.0237	-0.87687
4.19407	0.123834
-8.14304	2.24041
1.34639	-12.4136
-6.50644	-0.68375
-0.0165557	-4.31694
-3.06289	-2.77713
-4.90606	1.46922
0.960244	3.6328
4.71337	-14.9318
-15.9648	-12.2941
-12.1712	-6.70071
-6.50989	-19.9124
-19.7742	-11.9326
-12.5109	-37.5736
-33.0538	-2.74738
-9.34352	-8.79044
-4.7997	-9.76638
-13.8311	-15.0281
-7.06217	-2.48941
-7.49358	-9.11509
-5.72062	-7.39065
-3.98444	-12.7872
-11.6197	-2.36378
-1.00606	1.47709
6.28209	6.30088
-1.488	0.708072
0.0865253	-2.36842
0.802973	3.7291
0.692409	-36.1533
-32.1836	-18.4016
-19.9055	-6.10778
-5.37096	-24.1749
-16.8932	-5.95085
0.669118	-5.56402
-6.42077	-15.6124
-18.6649	-13.1944
-12.9238	-9.20339
-14.5759	-6.55171
-5.83426	-6.04983
-18.2417	-5.04053
2.60833	-12.3557
-13.7975	-5.84554
-3.16847	-8.05207
-3.03959	1.34311
-0.228811	0.486434
3.85066	0.508248
-0.231986	-0.461896
-0.73766	-1.61618
-1.02005	-12.7015
-26.6581	-13.1447
-15.5769	-9.52027
-7.78507	-27.9894
-25.0825	0.741372
0.143432	-4.04161
-3.82221	-10.0949
2.63268	-26.0286
-28.5211	-0.816134
-0.553422	1.70904
7.18559	-9.18587
-11.7769	4.22506
6.1527	-8.60459
-9.26431	-6.44105
-9.57583	-3.45702
-4.23592	-7.34739
-9.49174	0.117485
-1.42595	-6.11494
-0.76859	2.64103
3.33671	0.202745
2.76158	-20.7523
-23.7142	-25.5144
-22.1322	-5.31527
4.5352	-5.82398
-0.150693	-1.32172
-14.15	-12.2453
-19.3996	21.2216
15.8943	-9.69267
-5.86206	-6.35805
-13.5618	-7.34823
-5.6636	-4.98339
-0.447511	-2.31159
-1.15076	-0.358108
4.59686	2.26907
4.38048	-5.80763
-6.93842	-7.81886
-1.91065	-2.385
-0.756182	-2.43828
-1.0037	-2.05965
-2.01417	-1.44409
-0.60649	-17.1039
-18.9776	-15.8564
-20.1459	-8.93527
-0.261952	-20.6802
-18.172	-7.93121
-6.77719	-2.05667
-2.17027	-11.6238
-9.12771	-20.7047
-18.4458	-2.07477
-1.17501	-1.83347
-17.121	-16.0668
6.58169	8.67256
14.2186	-1.8419
-4.35918	9.90742
5.54745	-10.4184
-10.0412	9.86857
-5.52993	-5.22438
-4.35525	-6.55965
-0.990179	2.23395
4.0154	-1.69069
-2.05254	-21.143
-17.7894	-23.1589
-25.6964	-5.8232
-7.02179	-30.2994
-28.5317	-6.0792
-6.59659	2.59936
2.58009	-0.0895938
-2.94092	-24.314
-22.4838	-1.95946
-1.83611	3.34888
3.75911	-11.2779
-12.5465	8.37806
5.40924	-7.22887
-8.43037	0.100566
-4.15442	-4.54358
-6.7239	-5.33634
-2.5837	-3.84547
-1.47234	-3.93847
-4.63235	0.326895
1.86298	1.41479
0.844509	-15.4589
-15.5748	-21.3917
-27.713	-9.61115
-12.6481	-15.465
-19.9736	-8.40461
-5.9136	-16.1347
-14.9931	16.531
16.8887	-15.5204
-14.997	-10.781
-11.3773	-5.57132
-13.5979	-4.37797
1.58542	1.64622
-1.16556	1.75029
-0.749933	4.00772
-5.33996	-3.98377
-0.0195336	-4.72884
-2.94031	2.24612
-1.15276	-1.45312
0.638284	0.585299
-0.15346	-2.35069
-2.74254	-17.5839
-20.3666	-4.23729
-5.9288	-16.9007
-17.3874	-26.7083
-23.8997	3.87841
5.1623	-2.12656
-10.6791	-17.6367
-16.5426	-7.34526
-5.39786	-5.16021
-6.19503	-8.30986
-8.58694	4.20458
2.05861	-3.78902
-1.47134	-10.1337
-16.5141	1.79257
-0.18178	-12.4671
-11.0843	-4.35758
2.04146	0.631936
4.52108	1.63679
0.811882	0.387866
0.840401	-0.0583164
-0.347173	-26.3507
-27.3104	-14.509
-12.0894	7.85072
2.80189	-3.19078
-9.33535	0.517309
3.35747	2.46435
-27.011	-14.4193
-13.0794	6.55504
8.79989	-6.7634
-3.85517	-0.921109
2.31861	-4.14401
4.65688	-3.51558
-3.19682	-5.31259
1.57434	-5.83127
-2.3747	3.01967
-2.25692	-1.41975
-5.82609	2.61824
12.6073	8.1726
10.3829	4.42394
3.90906	-8.56643
-17.1622	5.46479
4.9015	0.73955
-2.20956	-1.76726
-2.24665	1.47764
2.82318	0.106867
-0.269984	-14.2512
-16.0257	-5.44069
0.281667	-5.95641
-8.33167	-8.58787
-5.27445	-11.2009
-8.5036	11.1146
2.42801	-9.22925
4.88829	-6.43372
-12.2149	-6.93798
-7.10452	-15.4447
-8.83202	-13.6909
-14.2241	-0.337043
0.188165	-5.03823
-6.80627	-16.398
-13.2702	1.35126
-3.05061	-3.10508
-6.04025	-1.42735
-3.55322	2.10611
-2.01432	-2.26676
2.33856	1.72404
3.61544	-9.07459
-7.49269	-16.7235
-15.8668	-9.70921
-12.9273	-21.6333
-23.6398	-18.6338
-15.3864	-13.0088
-15.9028	-6.88661
-2.12966	-14.3734
-12.446	6.14889
-4.09377	-14.9121
-15.7199	2.81052
0.217284	-3.70522
-2.27643	-4.04559
-4.6836	-13.4391
-17.5944	-1.64287
-2.6165	-4.0787
-1.5449	2.6841
2.85855	-2.83004
-3.62128	0.974053
-1.2078	1.54314
1.63693	-14.7574
-11.3168	-21.0256
-14.1634	-5.72252
-5.15979	-26.1817
-11.2892	-11.1557
-11.662	-6.47663
-23.4926	-17.3197
-23.9958	-4.70645
-2.42917	-16.7745
-17.6539	-2.69621
-1.06972	-7.79276
-5.99145	-1.32247
1.10064	-7.1795
-8.63051	-6.72182
-12.9645	-17.0554
-11.0109	-10.6679
-7.13782	0.97933
-1.00715	-1.31808
-5.42371	1.37543
-0.46785	1.26495
1.39262	-10.2709
-14.1981	-7.64046
-7.97949	3.23503
5.40244	-13.3573
-17.2052	7.13751
-11.0406	-17.8334
-12.2596	-3.15728
-16.14	-9.9926
1.86951	-18.33
-15.6514	-5.415
-4.3044	-5.25265
-4.99908	6.10619
5.94775	4.96979
-2.95437	-7.33832
-11.879	-9.29484
-12.2148	-5.47366
-5.88796	-2.16786
-2.82878	-5.36755
-5.87179	1.0683
0.306178	1.39834
0.459091	-17.3924
-17.8302	-29.7155
-28.177	-2.29114
-3.58844	-24.6364
-26.2063	-1.22333
-0.648454	-0.166947
-3.34542	-19.5702
-13.94	-1.49661
1.03127	-15.5544
-13.3842	-7.98697
-4.1525	-6.33231
-6.4949	-5.40098
-4.75693	1.27955
1.06389	-4.76643
-4.58465	-4.2543
-3.6099	-2.55444
-1.12394	-6.05401
-7.20913	2.92934
2.66124	-1.23085
-0.824386	-1.10194
-1.64815	-25.0288
-26.556	-22.6571
-25.8401	-6.9798
-4.25644	-25.7727
-23.1969	-3.78224
-4.29325	-13.5024
-15.3952	5.17988
10.898	-4.83863
-6.91992	-13.1763
-11.7488	-6.97558
-5.68578	-3.2273
-7.44338	8.02428
0.432994	-5.22066
-9.32099	-3.85535
-2.01927	-2.31599
0.540349	7.7066
-2.86579	-2.6972
1.65068	-0.0787059
-2.72031	-2.03211
0.690989	0.679177
-0.297817	-26.8648
-23.5362	-11.532
-32.8221	-5.01692
-7.4148	-7.21727
-14.5184	-5.36662
-0.490559	-12.8506
-9.28795	-9.16475
-8.21046	-23.4212
-29.791	1.55494
-0.24248	-9.41479
-0.762439	-2.85103
5.88886	10.8534
13.2279	1.06056
1.00044	1.45636
8.22364	-0.411713
10.6944	-3.39228
5.24127	1.46714
0.606436	-3.72136
-1.44502	2.9629
3.25238	-1.79649
1.44592	-34.9502
-34.0643	-5.92438
-14.1939	-3.64359
-4.244	-9.78184
-8.49044	-6.62329
-1.21933	10.6769
-3.10452	-6.17398
1.93933	-4.1016
-3.69178	-10.2947
-17.8343	-6.09811
-20.5175	3.79166
-1.02606	-1.24952
-5.79664	-4.9364
-4.3821	-5.6758
-8.68316	-5.32908
-10.2936	0.682357
1.49114	-3.28885
-0.42541	3.79135
-0.231271	-0.515284
-0.197684	-2.05239
0.901937	-43.0621
-41.1882	-3.75533
-10.2786	-14.8782
-14.9664	0.0996431
-7.23959	12.0316
1.7707	-7.89409
-7.74984	-8.01639
-5.78115	-0.20405
-3.56982	-12.2527
-10.823	-7.7967
-6.40478	-1.61793
-2.00502	-2.58088
-4.54456	5.8794
6.00987	-1.51578
-3.71841	0.636907
-7.78671	-4.53271
1.21022	-1.84722
1.42452	-4.60751
-3.14922	-0.95815
-3.3241	-3.54313
-3.33083	-10.2269
-11.4106	-3.92816
-9.10218	-2.77265
-6.09363	-32.9947
-38.0466	-0.746373
-4.31695	-10.1139
-12.5962	11.4623
10.7107	-21.0534
-22.7439	-5.51685
-5.0798	-4.0807
-4.28303	-4.35287
-7.46225	8.73654
4.08268	-4.98975
-2.01349	1.47684
0.0197004	-2.61506
2.65658	-1.258
0.0434784	-1.6453
-4.50225	-2.61706
1.3645	1.3771
0.101378	-3.21038
-3.21568	-16.4276
-17.5517	-11.816
-13.6905	-2.52709
4.12478	-12.0101
-6.16966	-10.2843
1.44342	7.14176
-1.97954	-8.95864
-7.71733	-1.56266
13.0231	2.77243
5.30372	4.05742
11.0565	2.89603
5.44975	3.70681
8.08685	-0.0601385
6.36188	7.50769
-0.0984196	-0.290726
-3.72785	-4.39255
3.04777	3.38755
2.75413	-3.40243
0.175838	2.03164
0.261817	-1.36562
-1.76085	-30.348
-30.2427	-14.9678
-14.1897	6.73285
7.58927	-8.07752
-7.96096	-7.30106
-1.38041	-4.25395
-2.31391	-7.20548
-3.86075	-0.485043
-25.8434	-12.6579
-13.7462	8.06372
7.7355	-4.32996
-4.2391	0.408558
3.22594	-0.437743
-0.367569	1.81472
1.54739	2.73727
11.0227	-5.88901
-8.78181	7.63749
0.962184	4.46104
14.7531	0.469319
-3.43685	11.0757
-0.731931	-1.48911
-4.14594	0.954246
-2.90835	-0.0330628
1.87252	1.00672
-1.78184	1.53307
-0.866161	3.08383
2.23848	-1.88364
-1.37495	-31.2348
-24.8482	-23.6959
-15.3549	0.786832
-15.6788	-19.3353
-23.1428	-2.58823
-8.5842	12.8926
13.0567	16.1696
0.0753294	7.21774
-12.7364	-14.0612
-7.50105	-2.93599
-14.753	-8.99496
-9.52662	-9.363
-12.9502	-0.119603
-4.26853	-5.36424
-6.3985	0.475837
0.483597	-1.79588
-0.435005	2.27872
3.26051	-4.85462
-2.03672	1.21714
-2.85608	0.718168
1.97007	-24.3462
-26.3871	-7.62936
-10.7797	0.300017
-9.66829	-12.6745
-9.85804	4.88334
-12.5808	-6.48439
-18.8241	-4.12158
-2.42756	-4.3572
-4.903	-18.8005
-18.5867	-3.75887
-1.12091	3.11932
1.31576	0.259794
-1.41301	-6.89241
-7.52717	-3.95384
-7.43527	-13.797
-13.9768	-5.25614
-4.86388	-0.141225
3.80862	-1.65168
-2.84406	0.524507
-0.104207	0.972476
-0.436837	-11.5289
-11.9965	-14.7886
-15.0852	-14.0634
-16.7044	-25.9074
-25.8665	-6.08441
1.80939	-15.6
-9.80378	-4.16864
-8.79364	-4.17813
-12.5799	-16.9977
-10.7415	-6.12229
-10.9264	-7.92499
-7.24467	12.8594
11.0741	-17.3854
-16.1938	-2.23126
-0.175411	-6.94512
-6.10353	-2.42485
-0.664627	-0.79665
-1.15304	1.24019
-0.28413	-1.05238
-3.73824	-0.128178
0.753465	-36.2407
-37.4677	-11.1264
-14.9821	-8.84055
-9.61064	-15.1632
-16.7078	2.89359
-2.60513	-3.84155
-14.2765	-16.3799
-12.7034	-23.5355
-23.4847	5.37367
-5.73179	-2.28228
-2.21899	-10.4497
-10.9165	7.75526
8.35915	-3.65104
0.0774767	-11.2809
-8.54478	-7.03645
-9.83677	-4.87888
-5.98147	6.07201
3.1648	-6.33605
-3.89045	-0.306169
0.657929	-0.630404
-0.201247	-15.1827
-14.7261	-18.5483
-18.543	3.06114
1.48201	-39.885
-34.2928	-14.7208
-2.39848	-2.23798
-6.42357	-13.2411
-10.9638	-0.697457
-3.60005	-17.5574
-19.2424	-8.72863
-7.2345	-8.3263
-1.88615	-0.890077
-0.431812	8.02955
5.96995	-15.8505
-10.1615	-14.6445
-13.5367	-1.10891
-2.47244	-1.60819
2.69255	2.93164
-3.05639	-0.858078
0.913976	2.35499
0.217138	-32.9049
-29.2603	-5.96571
-2.77109	3.04502
-13.6234	-30.6469
-19.8675	-14.5229
-14.2501	3.92388
-1.63888	-2.30623
3.75513	-20.1213
-21.661	-11.2423
-7.63772	-2.75271
-2.51677	-3.08
-2.86946	-3.41282
-3.11272	-3.88163
-3.56027	-2.94566
-5.34778	-7.75407
-5.13351	-5.08286
-4.41561	-0.557384
-0.846475	-2.79198
-2.77433	-2.16295
-0.240539	-0.125975
1.29805	-24.4978
-26.8947	-6.42389
3.34853	-8.6328
-10.6091	-2.3811
0.0379623	-9.82799
-6.62929	6.57722
10.0495	-9.17323
-8.01431	-1.56375
-6.28449	-11.0846
5.74674	7.42161
9.59298	-3.2823
-8.72829	0.193143
-2.26424	-2.94758
-4.77028	-3.92408
-0.499196	-6.94453
-2.07719	-5.39586
-5.68943	-1.4749
-0.642803	-6.07002
-4.6047	-1.9658
-1.63297	-0.67168
0.516353	-13.5493
-12.5074	-15.0869
-13.1861	-2.51195
-5.61409	-25.1389
-25.8898	-19.721
-10.457	-6.36913
-16.5985	-9.93024
1.33923	-1.52321
-4.16196	-5.2093
-2.7794	-6.82051
1.87994	0.0725855
-5.74995	3.71242
1.05768	-0.659233
-2.9341	-3.82659
0.592502	-3.07611
-1.40265	-10.3234
-9.72392	-1.76773
-2.19785	-6.11825
-6.12421	1.32233
1.57754	-3.06525
-2.6881	-23.4417
-22.6877	-17.8679
-18.6267	-4.65034
-4.82273	-25.0068
-23.4739	10.1004
5.29885	-5.03913
-4.34806	-2.08768
0.0206695	-13.7355
-12.425	-3.22014
-7.47644	4.48304
1.94531	-7.14337
-4.53707	7.46202
4.50106	8.15439
4.79033	-8.82459
-8.58801	-5.2819
-3.67282	-2.82521
-5.38132	2.53529
2.76403	-5.90913
-4.13146	-0.296342
-1.24105	-1.23091
-1.13257	-14.9585
-15.6275	-5.34488
-5.13175	-11.9049
-14.0058	-14.6645
-11.8335	0.529867
-7.95956	11.3303
5.71255	-6.1141
-2.57568	-1.70732
-0.155801	-2.52302
-6.30741	7.67371
17.2392	6.89383
-7.17493	8.09455
18.1569	8.58387
-3.50575	-0.341571
7.90733	-5.17927
-2.02342	3.40171
-6.51679	1.37798
-3.02775	-2.32585
5.08373	-1.89987
-0.276558	0.373388
0.250682	-24.1103
-25.5658	-16.3624
-16.0001	-2.38675
7.7155	-8.99251
-11.4006	-3.79868
-2.93703	-2.43277
-6.5998	-4.62293
-1.60828	5.37089
10.5911	-1.58629
-26.2863	-14.4885
-13.0901	6.44152
2.1908	-2.6524
-5.96915	1.81376
-2.20921	-4.30468
12.4749	0.34259
3.23109	7.12823
-2.14599	0.475875
-10.3052	-5.71008
-2.2996	-4.21593
8.60492	8.87639
-0.428713	1.28427
0.409033	-1.14034
8.78198	-1.67117
7.59964	5.07462
7.03433	2.25813
-3.7595	-0.535216
0.085089	0.552768
0.349962	0.0663605
-0.827225	-22.3731
-23.9444	-1.73631
2.64434	-15.9878
-13.0061	-39.6662
-36.3666	-7.54867
-11.8001	-6.17494
-10.5977	-0.356531
-6.4953	-4.67866
10.457	2.6107
-1.53611	2.40592
7.80574	4.91726
2.5162	3.58048
17.6075	-2.14885
2.30211	1.05389
6.68891	2.02272
-4.74473	5.75717
-1.9519	-0.725731
-2.66983	-1.21029
1.06823	0.524096
0.818182	0.288921
-0.0984291	-30.3295
-30.9276	-31.9985
-30.7073	-1.14467
-0.149077	-13.7327
-18.2847	-8.81455
-9.45039	-14.0454
-12.3797	-14.4391
-16.5048	-19.2324
-14.0934	2.32445
-2.82511	-8.40116
-6.75677	-5.23558
-2.46052	-8.6527
-12.0539	-9.12974
-4.99051	-8.16331
-8.20211	0.00895946
-0.226583	3.395
4.30978	0.679946
4.76648	1.9198
5.25365	0.0579629
-0.271343	-0.243784
-1.90456	-11.3872
-11.5737	-13.4852
-9.59122	-2.178
-14.6886	-5.37155
-3.15712	-11.5963
-13.38	6.45157
8.59649	-6.87154
-7.00727	10.9472
-4.48222	-3.82111
2.76967	-5.81071
-11.1162	14.0131
3.72774	13.5333
4.22439	-4.15375
3.95895	-1.26463
4.54196	0.712172
1.89433	-1.2044
-3.86868	-3.8856
0.977645	-2.53058
3.19037	-0.787855
1.84308	0.95611
2.66212	-29.0457
-29.8541	-18.1073
-14.867	3.32588
5.02941	-15.6955
-15.1294	-7.95308
1.38543	-14.8524
-22.6901	-6.93819
-10.8985	-9.15267
-11.6822	-13.3204
-9.7871	2.90161
2.28185	-13.3344
-14.0182	1.73408
1.94696	3.69215
3.16034	-8.19594
-11.8539	-10.2376
-10.2551	0.464693
-0.0452421	-0.241857
-3.45247	-3.10883
-0.339731	-0.619236
-0.770513	0.668864
-0.673865	-13.003
-14.0589	-17.5687
-15.4618	3.44878
0.270419	-25.6794
-26.8669	-2.41368
3.86162	-2.9654
-6.20656	-15.651
-15.5892	-9.29729
-8.48208	-9.90402
-9.95323	-6.24189
-6.39166	3.91045
4.40869	-4.42626
-6.51994	-10.64
-9.83353	-3.65067
-3.36553	-12.9541
-11.849	4.39624
5.44279	-1.70438
-0.426441	4.15868
7.03987	-0.461418
-1.30912	0.693191
-0.95336	-21.6781
-29.7379	-11.6645
-10.9512	-13.075
-4.85738	-16.8272
-5.17551	-9.77626
-11.0861	6.94633
2.77597	-0.426881
-2.40934	-6.8917
3.69382	-0.850092
1.6179	-9.84701
0.620995	9.15239
-0.75682	5.75684
9.08511	10.1572
1.84544	-4.0715
0.804258	-2.28744
-12.8978	-4.98991
5.57551	-2.11343
-1.72135	-1.46743
2.10114	1.22731
2.25558	-0.696753
0.565897	-27.4024
-24.0076	-6.83792
-4.96581	6.95026
6.17991	-19.9314
-30.2654	-6.37222
-7.45973	-3.34335
0.529095	1.89912
9.77623	-12.211
2.59588	-13.2645
-7.75947	-10.7701
-14.5654	-3.62774
-8.1797	-0.73032
-0.463221	1.41755
-3.52957	-9.59107
-11.6987	-2.47266
-1.90374	-3.20109
-6.30882	-3.68803
-0.356075	-3.58546
-4.08013	-0.844936
0.488042	-2.48961
-2.41832	-25.1387
-23.9441	-1.00177
3.15196	-7.88508
-5.98464	-28.7902
-26.2057	-12.5114
-15.832	-14.1352
-10.6576	-7.08303
-9.55746	-10.5993
-7.49068	-9.11132
-8.67359	0.392129
-3.85125	-1.94041
2.62058	-4.59992
-0.106238	-0.43441
-0.539983	-3.45321
-0.284194	-3.31813
-7.09883	0.0511452
0.600831	-7.00021
-9.08937	1.959
1.33137	-3.10228
-3.68209	0.0554966
0.580593	-24.2739
-23.9267	5.65787
5.7229	-21.8917
-21.5801	-29.8727
-27.4045	-2.43834
0.0154297	-10.6316
-10.6356	3.84682
2.02247	-6.83571
-8.67669	-17.4247
-13.6844	-11.1598
-12.788	3.92349
5.13166	1.55148
-0.872928	-7.30928
-10.396	7.34112
6.31614	-6.32095
-8.97315	-4.49642
-3.45314	-5.04402
-5.25607	-2.74337
-2.04768	1.60671
-1.06926	-0.554888
-2.0198	-17.6878
-24.261	-11.038
-13.4646	-5.88769
-8.71171	-13.1794
-6.14649	2.0572
-2.6019	5.09965
7.75103	7.27441
-3.29568	0.280734
-3.53532	-5.52439
-5.29715	-2.81079
-2.83324	-5.96312
6.7218	6.16305
8.44951	-6.43581
-0.865757	0.141564
-4.05286	-5.46706
-9.92662	3.40038
0.0360305	-5.46846
-3.88446	4.77887
-1.08304	2.7953
-0.92348	-1.86718
-0.256262	-26.916
-29.3377	-12.6473
-15.0219	3.78211
3.76474	-5.10849
-29.8171	-12.7926
-11.1042	11.9237
6.58432	-12.444
-12.99	-2.62775
8.42678	9.71219
3.74187	-0.324882
-14.9565	3.47707
4.4581	0.689792
-6.73214	8.51323
-8.41247	2.62162
-7.36347	-3.88665
-1.98862	-3.10246
-10.0744	-3.02992
-1.44924	-11.3992
-9.10946	2.77666
2.51159	-4.54644
-5.73253	1.73852
3.41341	-2.04987
-2.02846	0.602189
0.0870897	-27.7199
-28.7485	-17.2006
-18.7836	-15.0017
-12.149	-30.53
-33.418	4.69246
2.67211	-19.7488
-20.2021	-14.4223
0.206393	-9.43689
-8.34623	-20.7678
-17.4774	7.9012
4.09843	-10.819
-11.6221	9.84008
11.8869	-6.62005
-5.31956	-11.3826
-9.31697	-13.5352
-8.61209	-8.87538
-8.39457	-0.901173
-1.1663	-1.17516
-2.41609	0.33521
0.0297432	0.498992
0.761262	-26.3242
-27.1828	-30.247
-29.5482	-1.43193
-2.01135	-19.9857
-22.0409	-4.76534
-5.73314	-7.91914
-19.6599	-5.24903
-1.8654	-16.9083
-15.0686	-3.21898
-5.05866	-3.85357
-9.05655	-7.4121
-8.5172	5.95238
-5.40469	1.58214
-4.82425	-6.48436
-3.92793	-5.10403
-3.28552	-2.22888
8.41791	-5.13563
-1.25998	0.52513
2.63643	-3.41629
-0.338574	-2.73623
-2.60454	-28.2959
-25.8329	-15.1868
-19.2574	-5.12181
-6.51252	-16.8612
-13.121	-8.02036
-4.34002	-7.02605
-7.54998	-9.39173
-7.12096	-18.6119
-22.3464	0.805093
-2.07455	4.63408
5.49438	-11.4124
-8.14151	-1.4071
-2.72345	1.78222
1.3616	-2.26937
-4.16032	1.60616
-2.94782	0.797339
5.07374	-4.65698
-5.7453	0.217354
-0.792408	-1.29893
-1.35106	-1.85003
1.50273	-21.659
-25.5667	-33.2552
-38.4771	-10.3739
-11.4086	-14.0073
-19.5086	-9.3959
-10.451	-3.70934
-2.62187	6.52373
-10.4853	-24.4341
-15.1556	-7.11447
-7.68533	5.8523
2.97051	-0.00113106
2.45649	-1.73805
-0.901923	-4.649
-3.81124	-11.96
-2.56621	7.74922
-1.2813	0.448382
-3.38236	-0.374735
-5.29549	-1.48052
-3.61341	3.11692
2.09973	-2.91751
-3.50012	-18.8576
-19.2261	-23.7146
-23.706	-4.94718
-3.22054	-32.0077
-27.1413	-1.55973
1.27387	-15.5775
-16.7153	8.18461
-1.80701	-29.1288
-21.7182	-1.0176
-3.77727	4.10801
2.69558	-4.67811
0.750613	-6.48943
-1.36458	4.49337
4.06924	-6.39316
-4.7155	-15.4274
-11.3812	-1.11545
-1.23725	-3.62731
-4.82754	-7.53192
-7.92125	-1.82413
-3.8869	0.138026
-1.71	-29.5683
-37.0819	-21.5378
-24.4687	-8.88037
-0.113611	-9.90077
-13.0402	-9.72744
-14.6972	-6.78768
-4.14726	7.40268
13.3624	-19.88
-17.5859	-14.0711
-15.6315	1.52515
-7.0572	2.33549
-4.45	7.7196
-2.49658	8.52137
15.3098	2.98137
1.39029	1.20345
0.246919	0.246796
-0.0442311	-1.3864
-5.77382	-0.310645
-0.943544	-3.01536
0.363499	-1.77749
-0.0842907	-17.9371
-18.0827	-35.0898
-32.7646	-10.5121
-8.57788	-15.6259
-16.9201	-3.82508
-5.39843	-12.3364
-11.5859	8.46195
8.97054	-18.6763
-20.1652	-7.22792
-8.30933	-2.21744
-1.56087	-15.7115
-15.0819	7.9417
7.99228	1.48203
7.45699	0.531614
-4.11118	2.08303
-3.12224	-6.98715
3.06994	-6.90156
-2.63101	0.387588
1.1182	-1.70176
-2.36294	0.491895
0.468419	-21.0878
-21.7875	5.17794
2.74803	-18.8448
-20.2709	-28.5774
-29.971	-5.11294
-3.21443	-20.1381
-20.0774	7.76849
12.5166	-9.6317
-7.3453	-11.3581
-11.9376	-6.72885
-5.51088	-0.683961
-5.86544	6.57817
-3.17417	-1.37661
-8.45479	2.76936
4.98803	1.28841
4.3658	-1.59232
-0.422467	-7.85501
-5.65916	-2.13992
-0.25395	-0.792492
1.92717	0.729349
-1.43525	-22.8004
-22.7551	-25.6905
-23.9861	0.879535
9.21589	4.30628
-1.15409	-0.8382
-7.03262	3.59047
-4.01593	2.6324
1.81822	-1.74186
3.34181	-11.9045
-2.46563	-4.10781
5.57666	5.63613
-29.2142	-14.0438
-14.2094	12.1186
9.18505	-5.65071
-5.25081	2.07979
3.05965	-1.40009
-2.75038	4.95719
5.05638	9.79373
8.34352	-6.026
-3.43175	0.0399678
3.27588	-3.26052
3.56716	-5.65633
4.29934	-0.955118
2.32162	-2.65746
1.2442	0.80197
-3.60679	-0.815578
4.06363	-3.68769
0.740256	0.420744
0.00246399	1.53846
-0.360598	-1.39156
-0.942173	-20.6661
-19.0941	-24.064
-18.9203	-13.6894
-10.1974	-18.056
-18.5819	-0.452063
-1.5461	-11.238
-9.02397	-9.58854
-10.9319	-20.1704
-22.5106	1.2503
-3.79762	4.49227
-3.51925	-3.4968
-16.5384	0.483588
1.2719	-7.46375
-12.7904	-10.3461
-0.568268	-10.3815
-5.2338	1.32812
8.79903	-6.73524
-4.6802	-1.2599
-2.63715	2.88984
0.124023	-2.37271
-1.2941	-19.3255
-21.6311	-33.641
-35.2375	-9.38058
-6.74765	-23.0764
-24.5459	-8.35801
-18.0072	-6.305
-8.88844	8.82578
12.475	-13.7473
-18.816	-13.885
-21.3782	5.07654
3.74314	-14.8899
18.1494	-2.99432
-4.27152	5.63498
-2.58845	-10.3212
0.202243	1.19511
3.83943	2.71286
-1.33596	1.52163
4.90133	1.08837
1.06893	0.244871
-1.6412	2.45696
1.71327	-17.0456
-16.8026	-29.3431
-28.9522	-6.07738
-2.59677	-25.3387
-23.9551	-15.846
-17.6413	-7.52566
-3.93872	-10.3885
-10.6208	-19.9502
-14.9369	-9.83741
-7.04698	3.03036
4.92079	-4.44195
-3.80238	-4.46645
-2.69917	-3.69322
-1.79179	-8.30062
-3.29281	-11.3285
-9.24206	-4.80101
0.102478	-8.65032
-3.65703	-4.26137
3.82092	-1.13249
-0.114745	1.14957
2.60014	-39.6881
-38.1234	-15.2767
-13.649	-5.45909
3.28509	-7.43063
-18.9003	-10.6457
-22.6745	0.571394
-4.16293	10.3084
7.94451	-19.6609
-18.218	-10.0042
-10.6565	-9.97237
-5.71237	-2.75177
7.96343	-3.89726
-3.53274	1.95821
9.05953	-1.63264
1.67864	-6.05949
-4.46269	-1.812
-2.69002	-0.574595
4.06109	0.910243
3.79038	0.331953
-0.768199	0.717555
0.263911	-31.2436
-31.1239	-17.5594
-16.1249	-8.74941
-6.87854	-31.9598
-31.6566	-0.211899
1.50915	-1.0161
-0.419025	-11.6243
-7.57633	-1.85898
-0.833417	-10.0317
-11.2669	-15.7602
-15.3567	0.592403
2.83928	2.43447
-2.27833	3.75927
0.183486	-4.63005
7.08123	-0.382893
-1.95391	-4.09071
-4.9182	-0.54024
2.39443	-4.28131
0.697062	2.11035
0.223065	-0.871949
-0.851817	-19.5913
-17.9775	-21.959
-22.7476	-14.2707
-15.1764	-22.8862
-23.0979	-10.1533
-8.3399	-1.8297
2.47697	-4.86998
-6.41996	-21.3953
-20.4476	-7.60954
-14.006	2.41736
1.55967	-2.45316
3.21665	1.31007
14.3774	-2.46858
1.50501	-3.18518
-3.66669	2.61954
-6.95397	-9.30985
-1.54817	0.205288
3.43207	-0.554659
-2.55933	4.05988
2.35234	1.21342
-1.12126	-18.563
-11.1367	-9.31767
-19.0409	1.86618
-5.4221	-31.3907
-28.1744	4.93685
5.22206	-9.54529
-14.5901	-14.8904
-16.9393	-7.88585
-8.00184	-8.00768
-9.06898	-6.90159
-10.7259	7.52349
5.6975	-1.7426
1.22753	-0.281263
4.07052	-2.97507
-3.70588	0.479868
5.2388	-1.89004
-1.58497	-4.36469
-2.67075	-3.33073
-3.784	-5.90816
-5.13195	0.949266
0.627325	-19.7184
-20.9319	-4.71807
-3.62567	-19.2227
-20.358	-16.6115
-9.48342	-0.00523093
2.49678	-22.16
-18.9446	-4.08335
-0.161408	-17.3181
-14.5643	-11.0634
-5.63218	-13.5968
-17.7437	-1.83779
4.99296	-2.41473
5.03482	2.36169
8.80048	0.305144
12.7106	-2.8243
-5.1074	4.71396
-2.51585	-0.0843615
-2.65783	2.55625
2.88531	2.76356
1.60827	1.47368
-1.91612	-39.8759
-37.4629	-5.35045
-3.80237	-9.39928
-13.9231	-14.6483
2.79302	-1.19868
-5.01625	10.1143
10.2788	0.361414
-3.22925	-2.2519
7.29031	-2.33281
-13.4301	3.67795
-4.89302	-2.33669
-5.21482	4.65887
-3.20063	-10.4093
-8.61978	-4.26672
1.0707	0.311075
-11.1951	0.304008
-22.4521	-21.7321
-31.0245	-2.68116
0.817083	-22.3687
-25.9846	-9.43443
-8.40877	-18.0573
-17.705	0.095325
2.62804	-14.7787
-11.3253	-14.3768
-10.5464	6.21516
8.45918	-0.767661
4.44468	0.42293
-9.18899	1.62975
-1.72705	-2.62415
-4.25148	-1.92178
-0.679735	-6.53724
-9.26155	-3.93285
0.320224	-0.249429
-1.46759	0.091032
-0.185462	1.19192
0.428372	-16.8065
-17.8458	-35.7588
-32.3356	-6.09965
-4.03666	-20.5367
-25.6925	-8.60845
-9.82349	-25.6767
-19.0008	10.9438
12.4417	-19.5129
-14.2875	-19.2914
-13.3705	6.66491
6.29724	-1.53061
-2.56162	0.0355483
-0.441292	-3.46507
-4.37796	-6.99245
-11.4189	-6.69607
-4.90629	-8.19663
-6.15302	-3.20699
-1.71033	-0.132684
-0.44298	0.728911
0.706892	-0.0680203
-1.06262	-15.1643
-15.5378	-26.4146
-27.082	-23.486
-20.4049	-13.1729
-12.9608	-24.3203
-24.4174	-10.6746
-5.5504	13.223
9.67872	-22.6497
-23.2948	-11.6954
-12.7589	-1.66034
-0.081369	-6.13418
-7.72237	-9.20557
-9.7431	-7.61059
-6.26687	-9.19849
-9.79667	-7.47276
-7.92218	-2.21852
-5.39116	-1.69016
-2.09871	3.01475
-1.30028	-2.25411
-4.65137	2.51667
2.27028	-14.8169
-14.3786	-15.5215
-12.6079	-7.54228
-8.29713	-32.093
-30.5724	-9.89918
-13.8724	-10.8745
-9.77247	-5.88107
-14.8289	-14.1891
-14.4582	-20.6175
-1.22123	-9.59945
-2.72412	-13.1015
0.698815	6.33531
3.27894	10.1008
10.6207	-3.85539
-6.062	1.46105
-5.51735	-3.28692
-4.5175	-1.50484
-4.80985	-4.95574
-3.47332	1.71909
0.431406	-0.861325
-1.01409	-14.3064
-15.0107	-20.8046
-19.724	-0.809756
0.745666	-38.2709
-35.8906	-15.0987
-9.163	-25.3364
-14.3458	-7.25385
-16.281	-13.4748
-13.0408	-1.79896
-2.36086	-1.55279
0.954557	-3.84335
-5.80346	8.21816
6.94145	5.94113
5.27178	-14.4366
-3.52472	-4.43182
-9.31119	-6.81554
-10.2137	-4.07805
-7.77335	0.0376389
5.58991	0.531599
-0.153409	1.0644
-2.15416	-21.9788
-20.7424	-22.6127
-23.1612	-5.12602
-0.870824	-41.2442
-32.6982	-7.77741
-10.3823	-7.00889
-6.60685	-8.47201
-9.82765	-8.2301
-0.588361	0.439671
-5.97851	-6.60936
-0.0462751	-0.668592
3.61785	8.40817
11.5395	-0.136868
1.18919	-7.60224
-2.51292	-5.38985
-3.07552	-5.20817
-9.26612	0.850628
0.985421	-1.28813
-3.13844	6.79875
1.94138	-2.40015
-0.380523	-22.0492
-21.4742	-24.0147
-26.641	-5.97612
-15.5769	-18.5051
-16.1542	-2.55109
-4.23443	-5.74745
-10.1379	-0.286484
-6.51695	-11.309
-3.1578	-20.8993
-25.9614	0.389756
-0.92634	6.67642
-0.567427	-1.64422
-1.93906	-3.27474
-3.63827	0.0393514
5.01535	-6.34179
-3.20509	2.16925
-0.678942	-4.72479
-2.80244	-3.42467
-0.897974	-2.73744
-2.39389	-0.677551
-2.2187	-29.4194
-30.0012	-14.958
-13.415	12.7627
-6.51442	-3.26346
-1.53638	-1.98998
-14.518	4.0166
11.0997	6.466
1.0001	-11.791
-7.99036	-2.28022
10.7943	2.18741
7.15467	0.075639
13.1641	2.97358
-8.03344	-0.302721
-7.80751	-8.26703
-2.47185	3.93498
0.388241	-0.436531
-0.0979474	0.457747
2.17647	1.69619
-30.5912	-11.0763
-12.8246	9.45977
11.4862	-0.118213
-7.2991	3.7396
1.35788	12.3934
3.00159	-4.55802
-7.64062	-9.42945
-5.42121	-8.75973
-16.9335	-15.8993
-8.97075	-6.12522
-6.97579	5.84521
1.4523	-8.43956
-8.36284	-10.9172
-7.44241	-0.545592
0.684542	-4.9676
-5.18725	-3.65592
-3.43054	-3.23324
-3.87984	0.249675
-0.0191084	0.33786
-0.457063	-15.8136
-14.9869	-25.4076
-22.3545	-20.2966
-18.4207	-12.5315
-10.9657	-23.9358
-23.3544	-13.3897
-14.4753	8.01325
10.3916	-11.2412
-12.8774	-14.3102
-14.6243	0.71739
4.76657	-18.674
-16.7218	9.79856
6.48731	-14.5068
-11.9518	2.56593
1.51422	-8.63787
-9.11945	-0.0855986
-1.86968	-5.35928
-4.08666	-2.4462
-2.24414	-0.741181
1.3267	-1.45269
-1.3707	-26.0249
-24.2377	-18.5766
-20.8498	-1.23052
-0.938672	-39.6988
-35.2275	-11.5158
-17.9882	0.185666
-9.15835	0.764508
4.93451	-20.7183
-8.91404	-13.9139
-9.2654	5.33765
4.52508	-25.42
-23.659	7.86023
1.87285	-8.10626
-6.95748	-10.907
-10.586	-7.8289
-6.85305	2.20472
1.36277	-3.64765
-2.76794	5.31994
4.52781	-0.988228
-2.35808	0.408399
0.865605	-22.5119
-22.1627	-29.5844
-28.2046	-11.7422
-12.6406	-21.1701
-21.0281	-15.1588
-14.2885	-0.39034
2.33844	-5.21872
-18.5927	-5.08758
-12.0378	-11.4194
-5.29218	5.49747
-4.07337	-0.0979913
12.3505	-5.24074
-1.14096	-1.28762
-1.91764	-0.109866
0.944975	1.39991
-0.345551	-3.17408
1.63639	0.0189964
-1.2337	-2.22981
2.85253	1.81242
0.326428	0.164305
-0.0821381	-13.6693
-14.7539	-15.5798
-16.236	-4.08617
-2.86047	-27.0968
-28.702	-14.4134
-8.18229	-20.323
-1.15067	-5.69061
-13.3507	-10.4342
-3.52498	0.831111
3.01034	-0.959821
-5.95343	1.63046
-10.293	-0.956634
2.21802	-8.46434
-11.5361	-2.3391
-4.41471	-7.88137
-13.272	-3.12026
-3.23686	-6.43509
-3.32234	1.22003
-4.47433	-1.84058
-0.32854	2.01566
-0.510379	-35.6706
-35.4914	-15.112
-13.534	-1.80383
5.31739	-10.8715
-8.56888	-4.85147
-3.40901	-10.3701
-6.8717	-5.42347
-6.88995	-21.543
-22.0398	-1.76964
1.17192	-2.47268
-4.88547	-6.63913
0.0924645	0.612492
2.01847	4.09259
3.60843	-4.73293
2.75196	-3.62186
-8.06968	-0.267975
8.22392	-2.36906
-3.18002	-1.4277
-2.53358	2.94831
0.902186	-0.603073
0.862944	-26.3188
-22.887	-22.8768
-21.8041	-9.84042
-6.08433	-34.5458
-32.5578	-6.10965
-2.03276	-15.1897
-16.0655	-0.527365
4.78627	-13.0094
-12.9405	-10.2684
-1.66573	-4.42746
2.3348	-19.4862
-15.4695	14.2681
9.08164	1.05878
5.37981	-5.12945
-2.51457	-5.11656
-2.66388	2.84506
-2.08594	-4.20602
-2.27518	3.89653
-2.8198	0.910433
-0.271387	0.856613
-0.464722	-28.0929
-18.7712	-4.83933
-19.2113	-8.42217
-8.59281	-25.7241
-25.6416	-11.7924
-14.0233	-5.31221
-2.77275	-7.03323
-7.22199	-15.5735
-18.9878	-3.59205
-2.36087	0.145883
4.18627	-6.94129
-6.03804	-8.85957
2.63295	-6.10645
-8.96254	-3.44959
-1.01656	-9.00548
-2.45137	0.912266
-3.94175	-0.297306
-2.6746	-0.962398
0.335905	1.58974
0.583078	-1.4962
1.47224	-42.0604
-40.5834	-7.62642
-8.99441	12.3567
-11.6637	-19.3315
-22.2097	-7.25804
-6.5257	-8.21978
-5.4446	-14.0061
-17.0273	-11.6783
-6.4593	-10.0421
-12.1639	3.93768
7.56837	-21.2665
-19.4669	13.8693
13.1813	1.64673
2.17983	-7.78716
-5.4805	-1.52109
-2.3138	-3.09018
-1.54052	-8.23166
-8.61378	-2.411
-2.46868	-0.381947
-0.554519	-1.81585
-1.4858	-21.3394
-21.364	-33.7668
-35.6265	1.09586
-4.95334	-7.03859
-11.2782	-1.55195
-2.94575	-4.70415
-16.3969	3.20326
-1.53395	-29.7887
-24.8104	-3.1892
5.72544	-3.50845
-3.01505	-14.6322
-7.50884	0.815177
1.21389	0.521614
-1.36474	0.73773
-7.62144	-7.17331
-5.79655	-0.0809441
-30.7291	-3.54578
-10.2032	7.85332
16.352	-4.12247
-7.63211	0.155895
3.32997	-4.24409
-12.3127	-5.56618
0.523618	-13.6883
-11.0153	-13.6217
-16.1469	-0.321419
1.09028	-9.89404
-8.12566	8.32265
2.61878	-10.9548
-6.5288	-6.70228
-4.49535	-10.5814
-12.4347	-6.0152
-8.22679	2.24854
1.47287	-1.14198
-0.373269	-0.579669
-1.55154	0.583575
-0.170854	-22.6693
-24.7433	-27.2681
-29.4291	-6.00548
-4.59312	-30.2583
-28.8534	-22.8018
-29.013	-7.54213
-4.54842	6.50359
-6.63327	-14.1109
-5.00615	6.85334
-5.38604	1.31005
-0.34414	0.685644
-4.07113	-0.632969
1.57501	-2.43666
-5.76364	-3.66206
-9.25886	-7.16757
-6.17342	2.81907
3.75991	-1.70916
1.05731	-1.5133
0.603679	0.749881
2.41884	-1.31889
-0.493362	-27.1927
-33.1205	-1.39758
-8.41554	-8.47346
-6.63441	-3.7247
-14.121	-18.8981
-18.7187	-6.20228
-5.1673	1.87396
6.45216	-12.289
-7.37503	-15.4032
-19.5759	4.61953
-4.27684	9.08852
-0.794861	-1.75857
-3.73071	3.18989
-2.62151	-0.833052
-2.82233	-3.72688
-9.19914	-10.3909
-8.51527	0.813371
-0.225754	-2.97115
-5.63141	1.07334
-0.673672	0.34829
1.39166	-18.3323
-16.5054	-30.478
-30.8505	-7.36647
-7.32988	-18.3629
-19.9323	-17.8183
-6.40113	-7.6888
-7.88301	-0.497394
0.405332	-13.0141
-14.6193	-16.7392
-15.4365	-2.27838
-10.4997	7.70804
-1.16278	5.82926
-8.38249	-2.07253
-14.517	-6.48908
-0.516265	-4.68626
-7.02816	-6.96704
-0.513844	-0.421999
-2.92981	-2.31825
0.413333	-1.29945
-0.48652	-1.51082
-1.80917	-32.5506
-37.6428	-19.9141
-15.7594	-9.44563
-5.32831	-19.7737
-24.3622	0.41552
2.20261	-7.72784
-4.799	-8.83119
-10.568	-7.90958
-9.89789	-8.97615
-10.3065	-6.07392
-8.62651	-0.212452
3.88519	0.92518
5.4755	-3.61198
-4.40551	-1.8357
-4.41686	-17.2269
-13.5785	-7.06571
-9.0082	-2.70691
-2.81074	-7.07496
-1.4244	-0.687058
0.296137	-1.42712
-1.1833	-32.6843
-40.2904	-13.4093
-11.6188	-3.65774
-6.49971	-19.5562
-23.9487	-6.83215
-2.62038	-8.99698
-7.29415	-14.1223
-15.3346	-17.9022
-13.3448	-8.80687
-14.6473	-3.78861
-1.6849	-6.05498
-3.97427	-4.59546
-4.54611	1.90819
-0.0272621	-16.1136
-12.2228	-4.23528
-2.02299	-5.70285
-5.68932	-0.448198
-0.0648587	-2.96675
-3.14157	0.778328
-1.12098	-0.934445
0.942402	-20.1769
-13.9433	-15.7097
-16.1492	-3.51076
-7.08474	-31.1502
-32.5701	-1.68328
-1.74533	-22.3902
-14.6061	-14.9909
-1.16635	-15.0243
-13.7492	-10.4316
-8.274	5.00339
4.0613	9.44578
3.34479	4.64153
1.9899	-7.12
-19.5141	-2.41106
-3.91306	-7.01231
-5.67005	-4.33831
-1.87175	-1.05123
0.90635	-3.36589
-4.1018	0.198275
0.697271	-0.587601
-0.215121	-21.1332
-17.4154	-29.7122
-28.2285	-6.8779
-4.98697	-14.2409
-15.7949	-8.63634
-10.6375	-17.0289
-12.7071	2.35184
2.20794	-5.77272
-8.68881	-18.0206
-18.579	4.92427
8.71222	-8.77284
-9.24715	0.197794
3.0567	-5.67221
-7.85333	-4.16136
-1.92546	-2.50097
-1.70246	-7.55742
-8.67844	-4.36124
-6.01125	-4.59526
-3.00652	0.214271
-0.121283	0.678989
1.37453	-18.4673
-18.4655	-9.65597
-5.34328	-26.4272
-26.0156	-16.0117
-15.1557	-4.84602
-2.45206	-24.8167
-24.9129	3.18619
-2.11319	-11.4201
-11.5068	-11.2108
-9.46121	-3.82264
-4.58919	1.09185
-5.58728	-0.425204
-1.60215	-9.03941
-7.0414	-6.74914
-9.58736	-8.84598
-12.2994	-5.37281
-5.58725	-3.31224
-0.822043	-2.42027
-0.819323	0.627889
1.0828	-0.0848797
-0.295586	-26.696
-24.3159	-31.3089
-29.9185	-10.3476
-11.8332	-3.26132
-6.22467	-7.34137
-4.37457	-16.6859
-19.9792	-1.34079
-2.14233	-7.79313
-7.58649	-17.614
-19.2902	3.62144
-0.111839	-10.0894
-13.0798	7.71427
11.6787	-0.225775
-2.32857	-6.13349
-2.08429	-12.3229
-12.4521	-2.00498
-5.25445	-5.50723
-5.73176	-2.08055
-5.0572	1.71141
1.07013	0.897737
0.738183	-26.0488
-26.4769	-7.20654
-11.0684	-14.0272
-11.3621	-31.7751
-31.2174	-2.00562
-7.9911	4.91034
9.40165	-10.8391
-1.38552	-6.57147
-9.48543	-12.0805
4.29136	-11.2363
-12.6522	-3.57682
15.0611	2.30107
2.0911	6.7774
2.37104	-5.1328
-7.58164	-5.80591
1.43707	5.51248
3.6227	-4.30129
2.00831	0.0479547
-1.96379	3.2069
3.18445	0.447811
-2.34046	-14.6712
-12.5898	-15.225
-14.679	-15.7148
-11.1428	-17.4076
-21.1899	-17.5534
-9.92272	-8.96619
-8.89945	-0.138381
-6.10765	-5.39594
-5.41402	-6.52576
-9.31346	-7.90513
-4.35337	-2.26167
-3.57346	-2.49538
-1.12139	2.12757
2.76363	-1.93548
-0.979361	-1.96689
-2.79596	-2.39585
-1.45241	-2.25662
-2.2152	-4.7012
-5.09544	0.898955
0.370541	-2.20262
-0.718843	-14.4212
-15.7872	-6.73291
-9.57524	-9.52105
-3.46459	-17.0274
-17.6264	-1.65712
-1.49196	3.73286
-16.7653	-10.108
-11.8953	-7.0334
-3.11145	-17.5806
-15.1137	-18.8049
-4.02912	-17.0411
-9.84641	7.85595
14.5891	-9.14612
-3.18981	5.55077
5.42871	7.77719
0.348905	2.82266
-0.619596	-3.17208
-0.257646	-4.33979
-3.80939	-1.68943
-1.39381	-0.205243
0.120296	-26.1271
-27.2033	-18.9124
-16.0717	9.14529
3.29587	-9.84659
-11.9486	-5.10214
-12.9725	-17.4709
-27.7429	-22.745
-22.8281	-24.1392
-34.3049	-23.5293
-13.5113	1.25703
-4.5619	-3.11245
-12.6755	-7.56038
-12.4185	1.73387
10.3181	1.7616
-1.92709	2.07757
-7.0518	1.43482
0.37384	2.90379
2.48859	0.569035
1.73278	0.387421
2.30782	0.491539
-0.768058	-31.2035
